236.307203 253.829263 286.404308 235.302314 242.727830
286.404308 235.302314 242.727830 213.444771 250.037338
242.727830 213.444771 250.037338 235.921398 257.007237
250.037338 235.921398 257.007237 203.388576 249.280198
257.007237 203.388576 249.280198 233.859967 295.826734
249.280198 233.859967 295.826734 333.150346 316.224503
295.826734 333.150346 316.224503 306.677525 285.945635
316.224503 306.677525 285.945635 314.774199 310.579342
285.945635 314.774199 310.579342 320.916699 341.618083
310.579342 320.916699 341.618083 352.384774 357.631770
341.618083 352.384774 357.631770 319.792724 337.279139
357.631770 319.792724 337.279139 413.343784 437.872060
337.279139 413.343784 437.872060 446.739282 462.356272
437.872060 446.739282 462.356272 428.007736 449.924464
462.356272 428.007736 449.924464 456.003828 409.818111
449.924464 456.003828 409.818111 414.003705 386.419708
409.818111 414.003705 386.419708 387.952679 320.835292
386.419708 387.952679 320.835292 323.224476 300.943421
320.835292 323.224476 300.943421 308.977398 337.287039
300.943421 308.977398 337.287039 392.779146 403.507647
337.287039 392.779146 403.507647 354.104456 344.071611
403.507647 354.104456 344.071611 323.857566 331.810228
344.071611 323.857566 331.810228 422.803376 465.366525
331.810228 422.803376 465.366525 441.634196 420.253759
465.366525 441.634196 420.253759 402.467229 397.912671
420.253759 402.467229 397.912671 426.715911 409.101376
397.912671 426.715911 409.101376 429.966727 403.868481
409.101376 429.966727 403.868481 438.066008 481.231045
403.868481 438.066008 481.231045 388.043662 451.363562
481.231045 388.043662 451.363562 455.534748 411.082203
451.363562 455.534748 411.082203 435.345684 405.238053
411.082203 435.345684 405.238053 400.393699 418.621231
405.238053 400.393699 418.621231 417.593226 405.091899
418.621231 417.593226 405.091899 423.081885 346.036225
405.091899 423.081885 346.036225 287.569988 345.283023
346.036225 287.569988 345.283023 342.319565 299.583476
345.283023 342.319565 299.583476 286.758689 282.621818
299.583476 286.758689 282.621818 299.056629 294.178184
282.621818 299.056629 294.178184 287.752017 271.974338
294.178184 287.752017 271.974338 231.218979 230.749310
271.974338 231.218979 230.749310 248.842106 252.095453
230.749310 248.842106 252.095453 265.412475 289.985766
252.095453 265.412475 289.985766 243.026031 243.841046
289.985766 243.026031 243.841046 224.791645 200.353238
243.841046 224.791645 200.353238 191.926425 195.236335
200.353238 191.926425 195.236335 220.448361 250.942540
195.236335 220.448361 250.942540 238.283998 220.080678
250.942540 238.283998 220.080678 258.997535 222.351706
220.080678 258.997535 222.351706 169.867489 177.900353
222.351706 169.867489 177.900353 156.206334 142.522254
177.900353 156.206334 142.522254 136.696481 135.025982
142.522254 136.696481 135.025982 138.856340 142.610138
135.025982 138.856340 142.610138 139.896670 152.262320
142.610138 139.896670 152.262320 150.850218 127.758422
152.262320 150.850218 127.758422 127.541495 149.987079
127.758422 127.541495 149.987079 131.439508 147.138003
149.987079 131.439508 147.138003 140.056141 132.089256
147.138003 140.056141 132.089256 139.480865 144.720618
132.089256 139.480865 144.720618 166.895835 150.177217
144.720618 166.895835 150.177217 133.180059 131.803113
150.177217 133.180059 131.803113 126.097837 122.311763
131.803113 126.097837 122.311763 122.483200 136.059113
122.311763 122.483200 136.059113 123.152145 118.672663
136.059113 123.152145 118.672663 135.894099 175.162360
118.672663 135.894099 175.162360 193.719409 198.671483
175.162360 193.719409 198.671483 181.910867 162.017231
198.671483 181.910867 162.017231 147.733279 135.118034
162.017231 147.733279 135.118034 131.975889 130.859093
135.118034 131.975889 130.859093 131.521776 135.583335
130.859093 131.521776 135.583335 133.581179 127.660381
135.583335 133.581179 127.660381 132.419855 133.332208
127.660381 132.419855 133.332208 138.634466 147.068767
133.332208 138.634466 147.068767 145.344077 154.217593
147.068767 145.344077 154.217593 146.580185 134.644827
154.217593 146.580185 134.644827 132.695723 130.483491
134.644827 132.695723 130.483491 161.712399 138.407485
130.483491 161.712399 138.407485 130.370556 132.813070
138.407485 130.370556 132.813070 125.559426 137.067074
132.813070 125.559426 137.067074 147.434111 136.114284
137.067074 147.434111 136.114284 136.216080 169.820195
136.114284 136.216080 169.820195 206.207037 207.223904
169.820195 206.207037 207.223904 196.056482 197.257792
207.223904 196.056482 197.257792 181.668212 201.862228
197.257792 181.668212 201.862228 253.465887 244.026927
201.862228 253.465887 244.026927 241.747554 250.210555
244.026927 241.747554 250.210555 264.027375 275.006516
250.210555 264.027375 275.006516 280.451793 211.839069
275.006516 280.451793 211.839069 243.128671 267.398115
211.839069 243.128671 267.398115 229.146726 187.323481
267.398115 229.146726 187.323481 162.231008 229.909888
187.323481 162.231008 229.909888 232.912289 270.723525
229.909888 232.912289 270.723525 298.020035 368.797815
270.723525 298.020035 368.797815 329.421283 380.077770
368.797815 329.421283 380.077770 360.007594 337.016577
380.077770 360.007594 337.016577 330.863288 256.201586
337.016577 330.863288 256.201586 366.129309 307.828627
256.201586 366.129309 307.828627 236.303780 320.561228
307.828627 236.303780 320.561228 333.685158 328.024329
320.561228 333.685158 328.024329 292.386296 322.338076
328.024329 292.386296 322.338076 232.666959 217.828267
322.338076 232.666959 217.828267 256.406726 312.582150
217.828267 256.406726 312.582150 270.359182 232.798758
312.582150 270.359182 232.798758 298.629750 268.318576
232.798758 298.629750 268.318576 255.724160 321.793912
268.318576 255.724160 321.793912 314.811163 278.475940
321.793912 314.811163 278.475940 293.847873 278.354483
278.475940 293.847873 278.354483 347.510439 344.013202
278.354483 347.510439 344.013202 354.043410 354.561893
344.013202 354.043410 354.561893 284.373571 331.814232
354.561893 284.373571 331.814232 291.157907 259.647566
331.814232 291.157907 259.647566 246.674753 292.565611
259.647566 246.674753 292.565611 333.311810 239.259385
292.565611 333.311810 239.259385 232.975914 268.482146
239.259385 232.975914 268.482146 231.203554 213.032588
268.482146 231.203554 213.032588 206.038003 207.873535
213.032588 206.038003 207.873535 229.075057 239.926946
207.873535 229.075057 239.926946 208.249348 278.075422
239.926946 208.249348 278.075422 224.390201 214.626292
278.075422 224.390201 214.626292 223.814260 240.759882
214.626292 223.814260 240.759882 223.791687 200.318760
240.759882 223.791687 200.318760 240.893531 223.827885
200.318760 240.893531 223.827885 249.683839 233.304081
223.827885 249.683839 233.304081 229.734953 218.031969
233.304081 229.734953 218.031969 247.637863 237.584570
218.031969 247.637863 237.584570 220.862653 231.174465
237.584570 220.862653 231.174465 278.572778 317.283803
231.174465 278.572778 317.283803 294.720096 272.314512
317.283803 294.720096 272.314512 278.178555 237.862352
272.314512 278.178555 237.862352 179.538740 211.762865
237.862352 179.538740 211.762865 178.731767 157.064904
211.762865 178.731767 157.064904 160.961436 191.906559
157.064904 160.961436 191.906559 162.038387 197.067463
191.906559 162.038387 197.067463 202.457675 208.979577
197.067463 202.457675 208.979577 217.407153 195.344429
208.979577 217.407153 195.344429 142.572942 164.066549
195.344429 142.572942 164.066549 187.685860 206.446799
164.066549 187.685860 206.446799 202.851034 256.733575
206.446799 202.851034 256.733575 236.562678 315.556509
256.733575 236.562678 315.556509 271.382807 220.926906
315.556509 271.382807 220.926906 204.964118 253.762598
220.926906 204.964118 253.762598 298.355139 298.705195
253.762598 298.355139 298.705195 285.929960 307.507774
298.705195 285.929960 307.507774 325.118980 275.223044
307.507774 325.118980 275.223044 271.201049 287.804663
275.223044 271.201049 287.804663 275.933286 259.036728
287.804663 275.933286 259.036728 239.936985 240.035358
259.036728 239.936985 240.035358 277.871505 311.633209
240.035358 277.871505 311.633209 342.130845 305.910743
311.633209 342.130845 305.910743 275.583329 287.160965
305.910743 275.583329 287.160965 268.509499 226.857566
287.160965 268.509499 226.857566 307.761863 314.113992
226.857566 307.761863 314.113992 336.093248 341.388509
314.113992 336.093248 341.388509 328.442655 342.681818
341.388509 328.442655 342.681818 405.199839 400.744558
342.681818 405.199839 400.744558 457.183189 453.833846
400.744558 457.183189 453.833846 472.359774 455.172718
453.833846 472.359774 455.172718 417.017827 428.510061
455.172718 417.017827 428.510061 456.510242 448.614207
428.510061 456.510242 448.614207 418.913633 428.482194
448.614207 418.913633 428.482194 415.804997 451.065272
428.482194 415.804997 451.065272 461.486744 388.141855
451.065272 461.486744 388.141855 415.372780 426.586771
388.141855 415.372780 426.586771 409.402213 386.961685
426.586771 409.402213 386.961685 449.082582 446.816759
386.961685 449.082582 446.816759 410.904211 426.021676
446.816759 410.904211 426.021676 379.009671 366.153863
426.021676 379.009671 366.153863 379.972169 405.170651
366.153863 379.972169 405.170651 472.672105 509.437243
405.170651 472.672105 509.437243 471.258785 448.537781
509.437243 471.258785 448.537781 429.316419 425.005239
448.537781 429.316419 425.005239 432.791048 379.847349
425.005239 432.791048 379.847349 341.249814 411.002910
379.847349 341.249814 411.002910 392.746786 370.118260
411.002910 392.746786 370.118260 472.218651 477.562882
370.118260 472.218651 477.562882 435.732177 482.999332
477.562882 435.732177 482.999332 497.735155 464.376695
482.999332 497.735155 464.376695 476.910344 542.177202
464.376695 476.910344 542.177202 516.245843 473.933497
542.177202 516.245843 473.933497 437.503307 469.546231
473.933497 437.503307 469.546231 397.178833 375.380750
469.546231 397.178833 375.380750 418.137191 421.734978
375.380750 418.137191 421.734978 370.472767 340.112616
421.734978 370.472767 340.112616 356.157321 348.015211
340.112616 356.157321 348.015211 267.119205 245.528617
348.015211 267.119205 245.528617 227.550665 243.520631
245.528617 227.550665 243.520631 239.823521 242.868384
243.520631 239.823521 242.868384 252.753474 242.232351
242.868384 252.753474 242.232351 223.266131 210.696549
242.232351 223.266131 210.696549 221.706142 206.132821
210.696549 221.706142 206.132821 196.922974 209.448747
206.132821 196.922974 209.448747 194.007217 213.137319
209.448747 194.007217 213.137319 186.325770 184.961453
213.137319 186.325770 184.961453 175.294342 175.640278
184.961453 175.294342 175.640278 158.240446 137.405417
175.640278 158.240446 137.405417 136.860661 176.574923
137.405417 136.860661 176.574923 165.318140 156.314422
176.574923 165.318140 156.314422 136.605488 136.029107
156.314422 136.605488 136.029107 145.164225 147.659664
136.029107 145.164225 147.659664 144.286394 155.934310
147.659664 144.286394 155.934310 160.394332 150.672378
155.934310 160.394332 150.672378 145.998632 130.011195
150.672378 145.998632 130.011195 139.011153 144.252394
130.011195 139.011153 144.252394 155.429147 172.217807
144.252394 155.429147 172.217807 179.211879 165.675534
172.217807 179.211879 165.675534 170.357045 184.062109
165.675534 170.357045 184.062109 182.479480 179.032664
184.062109 182.479480 179.032664 155.294726 144.064231
179.032664 155.294726 144.064231 145.961868 158.300623
144.064231 145.961868 158.300623 145.127089 141.225961
158.300623 145.127089 141.225961 130.213726 131.443030
141.225961 130.213726 131.443030 128.777636 122.057152
131.443030 128.777636 122.057152 130.918137 139.648505
122.057152 130.918137 139.648505 124.870556 126.220499
139.648505 124.870556 126.220499 123.498844 131.276397
126.220499 123.498844 131.276397 143.096691 141.989027
131.276397 143.096691 141.989027 151.978368 159.019742
141.989027 151.978368 159.019742 140.849261 128.427702
159.019742 140.849261 128.427702 121.697621 130.968786
128.427702 121.697621 130.968786 136.076815 126.184327
130.968786 136.076815 126.184327 123.393860 126.828876
126.184327 123.393860 126.828876 123.286711 148.609764
126.828876 123.286711 148.609764 145.380329 137.929786
148.609764 145.380329 137.929786 141.896153 129.190401
137.929786 141.896153 129.190401 153.800229 174.096333
129.190401 153.800229 174.096333 194.122023 234.699404
174.096333 194.122023 234.699404 212.019237 186.981897
234.699404 212.019237 186.981897 212.441909 207.576583
186.981897 212.441909 207.576583 183.296264 184.872142
207.576583 183.296264 184.872142 215.703693 223.100569
184.872142 215.703693 223.100569 232.273858 204.809282
223.100569 232.273858 204.809282 222.240879 229.323292
204.809282 222.240879 229.323292 235.125695 275.521082
229.323292 235.125695 275.521082 306.816157 313.543231
275.521082 306.816157 313.543231 319.546702 302.432880
313.543231 319.546702 302.432880 299.905681 292.061648
302.432880 299.905681 292.061648 322.659647 335.613052
292.061648 322.659647 335.613052 366.140401 368.977853
335.613052 366.140401 368.977853 354.607635 304.606609
368.977853 354.607635 304.606609 317.024853 328.634071
304.606609 317.024853 328.634071 385.205477 413.474751
328.634071 385.205477 413.474751 418.183542 358.788632
413.474751 418.183542 358.788632 278.421230 390.030408
358.788632 278.421230 390.030408 383.138659 285.580358
390.030408 383.138659 285.580358 283.195490 302.111466
285.580358 283.195490 302.111466 264.398330 319.040801
302.111466 264.398330 319.040801 298.607943 271.811960
319.040801 298.607943 271.811960 312.335867 300.067506
271.811960 312.335867 300.067506 314.375665 345.156471
300.067506 314.375665 345.156471 299.444435 346.322272
345.156471 299.444435 346.322272 343.398845 398.138348
346.322272 343.398845 398.138348 389.557717 320.243191
398.138348 389.557717 320.243191 390.093289 380.131375
320.243191 390.093289 380.131375 411.797109 357.152599
380.131375 411.797109 357.152599 390.536009 300.151943
357.152599 390.536009 300.151943 276.152156 318.108678
300.151943 276.152156 318.108678 331.830324 282.236970
318.108678 331.830324 282.236970 267.596899 263.437464
282.236970 267.596899 263.437464 293.546117 275.157935
263.437464 293.546117 275.157935 238.425493 229.792497
275.157935 238.425493 229.792497 254.055837 256.796781
229.792497 254.055837 256.796781 269.533363 267.174772
256.796781 269.533363 267.174772 273.933625 323.586409
267.174772 273.933625 323.586409 362.898120 323.783303
323.586409 362.898120 323.783303 303.511519 247.302052
323.783303 303.511519 247.302052 232.210978 221.497891
247.302052 232.210978 221.497891 257.877224 258.186346
221.497891 257.877224 258.186346 263.532240 245.332328
258.186346 263.532240 245.332328 217.374654 241.196427
245.332328 217.374654 241.196427 243.140410 248.137559
241.196427 243.140410 248.137559 269.790402 325.959781
248.137559 269.790402 325.959781 324.746901 234.744640
325.959781 324.746901 234.744640 185.053524 196.900435
234.744640 185.053524 196.900435 244.341670 209.563986
196.900435 244.341670 209.563986 213.429644 185.474602
209.563986 213.429644 185.474602 164.741976 213.430682
185.474602 164.741976 213.430682 208.428317 195.850034
213.430682 208.428317 195.850034 193.673871 248.142108
195.850034 193.673871 248.142108 248.017273 230.604869
248.142108 248.017273 230.604869 235.283106 259.815837
230.604869 235.283106 259.815837 253.744880 219.193045
259.815837 253.744880 219.193045 199.558180 240.801914
219.193045 199.558180 240.801914 241.112295 211.729723
240.801914 241.112295 211.729723 234.172579 241.765209
211.729723 234.172579 241.765209 245.174478 212.981967
241.765209 245.174478 212.981967 214.252171 221.989297
212.981967 214.252171 221.989297 233.502565 244.127726
221.989297 233.502565 244.127726 246.859336 229.314537
244.127726 246.859336 229.314537 257.124518 256.203730
229.314537 257.124518 256.203730 212.269588 256.756180
256.203730 212.269588 256.756180 263.392213 225.580455
256.756180 263.392213 225.580455 248.551179 300.166043
225.580455 248.551179 300.166043 268.334964 317.434171
300.166043 268.334964 317.434171 322.462879 276.354076
317.434171 322.462879 276.354076 308.928545 301.478044
276.354076 308.928545 301.478044 335.943240 325.670906
301.478044 335.943240 325.670906 325.724991 341.110057
325.670906 325.724991 341.110057 325.629621 346.519866
341.110057 325.629621 346.519866 373.569477 406.205443
346.519866 373.569477 406.205443 422.353153 412.532018
406.205443 422.353153 412.532018 422.482389 463.964670
412.532018 422.482389 463.964670 449.155743 501.510399
463.964670 449.155743 501.510399 491.958063 445.062483
501.510399 491.958063 445.062483 458.521287 513.722352
445.062483 458.521287 513.722352 571.445254 524.569494
513.722352 571.445254 524.569494 475.041310 528.549650
524.569494 475.041310 528.549650 544.608056 552.350761
528.549650 544.608056 552.350761 568.615239 554.408316
552.350761 568.615239 554.408316 571.747045 588.735455
554.408316 571.747045 588.735455 544.842673 537.798559
588.735455 544.842673 537.798559 480.919210 477.472755
537.798559 480.919210 477.472755 487.451595 521.365189
477.472755 487.451595 521.365189 588.912910 617.349743
521.365189 588.912910 617.349743 514.179490 512.758848
617.349743 514.179490 512.758848 569.939738 547.507589
512.758848 569.939738 547.507589 480.266619 491.852345
547.507589 480.266619 491.852345 531.900001 494.350223
491.852345 531.900001 494.350223 496.570639 469.567837
494.350223 496.570639 469.567837 439.867301 466.306055
469.567837 439.867301 466.306055 487.583560 450.792058
466.306055 487.583560 450.792058 445.314420 402.090693
450.792058 445.314420 402.090693 439.924399 477.834676
402.090693 439.924399 477.834676 381.902567 378.500816
477.834676 381.902567 378.500816 380.352207 372.067575
378.500816 380.352207 372.067575 418.804329 384.510801
372.067575 418.804329 384.510801 360.677385 359.451997
384.510801 360.677385 359.451997 355.729027 303.567355
359.451997 355.729027 303.567355 300.095628 288.385520
303.567355 300.095628 288.385520 269.149066 230.437523
288.385520 269.149066 230.437523 233.416714 221.002809
230.437523 233.416714 221.002809 215.833900 223.353535
221.002809 215.833900 223.353535 222.718415 222.299265
223.353535 222.718415 222.299265 224.805637 202.572895
222.299265 224.805637 202.572895 183.921124 185.366736
202.572895 183.921124 185.366736 181.669168 218.631066
185.366736 181.669168 218.631066 199.600907 189.179351
218.631066 199.600907 189.179351 186.498352 157.970094
189.179351 186.498352 157.970094 164.690176 176.952126
157.970094 164.690176 176.952126 166.436940 163.222536
176.952126 166.436940 163.222536 158.639609 158.858117
163.222536 158.639609 158.858117 170.990343 166.196500
158.858117 170.990343 166.196500 161.984694 176.770203
166.196500 161.984694 176.770203 170.949100 185.154849
176.770203 170.949100 185.154849 157.034965 171.218637
185.154849 157.034965 171.218637 151.451788 133.917932
171.218637 151.451788 133.917932 141.904942 159.541343
133.917932 141.904942 159.541343 153.987452 143.487800
159.541343 153.987452 143.487800 131.599172 130.492014
143.487800 131.599172 130.492014 128.812207 126.947043
130.492014 128.812207 126.947043 125.163074 127.305684
126.947043 125.163074 127.305684 133.081908 132.472274
127.305684 133.081908 132.472274 166.743940 160.056006
132.472274 166.743940 160.056006 135.539411 151.158767
160.056006 135.539411 151.158767 125.833608 121.481479
151.158767 125.833608 121.481479 131.897028 140.839038
121.481479 131.897028 140.839038 147.941465 163.482783
140.839038 147.941465 163.482783 154.321182 134.601367
163.482783 154.321182 134.601367 145.626207 147.382016
134.601367 145.626207 147.382016 165.091973 187.217745
147.382016 165.091973 187.217745 173.979508 168.530497
187.217745 173.979508 168.530497 145.402012 154.633587
168.530497 145.402012 154.633587 148.801189 137.798047
154.633587 148.801189 137.798047 178.525116 185.883761
137.798047 178.525116 185.883761 177.727570 166.935456
185.883761 177.727570 166.935456 152.436457 151.528595
166.935456 152.436457 151.528595 131.276070 115.866948
151.528595 131.276070 115.866948 115.060186 118.481006
115.866948 115.060186 118.481006 123.000829 136.461813
118.481006 123.000829 136.461813 150.163022 167.429994
136.461813 150.163022 167.429994 181.061229 197.401482
167.429994 181.061229 197.401482 205.530392 181.664047
197.401482 205.530392 181.664047 170.530517 156.486317
181.664047 170.530517 156.486317 171.736526 195.078676
156.486317 171.736526 195.078676 287.889799 244.952264
195.078676 287.889799 244.952264 261.256089 260.196206
244.952264 261.256089 260.196206 254.435042 279.178249
260.196206 254.435042 279.178249 251.821011 287.732344
279.178249 251.821011 287.732344 247.431588 280.980024
287.732344 247.431588 280.980024 255.422566 218.006531
280.980024 255.422566 218.006531 263.258226 297.473543
218.006531 263.258226 297.473543 337.031392 289.705689
297.473543 337.031392 289.705689 296.734860 354.332885
289.705689 296.734860 354.332885 346.772575 289.599739
354.332885 346.772575 289.599739 220.802440 246.841516
289.599739 220.802440 246.841516 310.246503 300.861439
246.841516 310.246503 300.861439 335.704025 349.177066
300.861439 335.704025 349.177066 224.575030 330.163058
349.177066 224.575030 330.163058 335.966436 289.959405
330.163058 335.966436 289.959405 325.542016 280.846108
289.959405 325.542016 280.846108 227.852918 264.205424
280.846108 227.852918 264.205424 211.771721 216.330048
264.205424 211.771721 216.330048 205.953120 207.160689
216.330048 205.953120 207.160689 201.261335 232.984962
207.160689 201.261335 232.984962 238.984269 190.528450
232.984962 238.984269 190.528450 206.782245 278.822208
190.528450 206.782245 278.822208 284.968990 289.504504
278.822208 284.968990 289.504504 307.991508 233.856270
289.504504 307.991508 233.856270 283.294087 275.411273
233.856270 283.294087 275.411273 232.963567 236.187928
275.411273 232.963567 236.187928 301.090161 202.453497
236.187928 301.090161 202.453497 235.760986 255.896540
202.453497 235.760986 255.896540 308.538023 245.120257
255.896540 308.538023 245.120257 281.074847 347.899193
245.120257 281.074847 347.899193 253.348691 196.933182
347.899193 253.348691 196.933182 184.237248 167.740686
196.933182 184.237248 167.740686 228.171669 221.130330
167.740686 228.171669 221.130330 196.297269 201.652008
221.130330 196.297269 201.652008 241.127123 247.151223
201.652008 241.127123 247.151223 229.531396 309.728626
247.151223 229.531396 309.728626 304.573885 272.116775
309.728626 304.573885 272.116775 267.915386 236.123844
272.116775 267.915386 236.123844 253.233206 213.585519
236.123844 253.233206 213.585519 225.217414 293.290345
213.585519 225.217414 293.290345 310.068617 269.031435
293.290345 310.068617 269.031435 231.467437 226.392197
269.031435 231.467437 226.392197 190.845348 183.891269
226.392197 190.845348 183.891269 207.225363 228.280012
183.891269 207.225363 228.280012 197.029257 177.337007
228.280012 197.029257 177.337007 205.288358 206.342437
177.337007 205.288358 206.342437 197.251343 220.335603
206.342437 197.251343 220.335603 222.489941 206.642127
220.335603 222.489941 206.642127 196.137373 183.188293
206.642127 196.137373 183.188293 175.051431 160.107541
183.188293 175.051431 160.107541 155.031467 164.293236
160.107541 155.031467 164.293236 167.153341 160.413884
164.293236 167.153341 160.413884 175.202677 246.451945
160.413884 175.202677 246.451945 269.275140 197.809319
246.451945 269.275140 197.809319 199.735320 240.183134
197.809319 199.735320 240.183134 221.160945 223.590627
240.183134 221.160945 223.590627 239.619444 229.782899
223.590627 239.619444 229.782899 227.027514 195.224996
229.782899 227.027514 195.224996 207.645105 264.300840
195.224996 207.645105 264.300840 261.353841 264.436795
264.300840 261.353841 264.436795 261.230358 277.698994
264.436795 261.230358 277.698994 240.564020 217.099154
277.698994 240.564020 217.099154 229.101348 227.252966
217.099154 229.101348 227.252966 262.529020 258.434082
227.252966 262.529020 258.434082 241.504597 299.931534
258.434082 241.504597 299.931534 310.249934 262.171822
299.931534 310.249934 262.171822 258.442167 265.293579
262.171822 258.442167 265.293579 266.363427 297.695455
265.293579 266.363427 297.695455 348.994599 285.034496
297.695455 348.994599 285.034496 279.663842 350.129676
285.034496 279.663842 350.129676 327.757077 344.817861
350.129676 327.757077 344.817861 293.642597 287.770049
344.817861 293.642597 287.770049 258.328385 308.095092
287.770049 258.328385 308.095092 319.985784 297.650079
308.095092 319.985784 297.650079 312.097348 332.158365
297.650079 312.097348 332.158365 382.838793 451.670941
332.158365 382.838793 451.670941 395.589803 403.463237
451.670941 395.589803 403.463237 401.538106 415.490604
403.463237 401.538106 415.490604 326.601581 318.969934
415.490604 326.601581 318.969934 297.317657 328.885861
318.969934 297.317657 328.885861 305.522537 313.292927
328.885861 305.522537 313.292927 349.955248 384.723317
313.292927 349.955248 384.723317 373.489278 358.322299
384.723317 373.489278 358.322299 353.315851 414.843630
358.322299 353.315851 414.843630 422.066978 442.565154
414.843630 422.066978 442.565154 402.302416 414.345729
442.565154 402.302416 414.345729 423.287988 369.355537
414.345729 423.287988 369.355537 370.609420 395.946217
369.355537 370.609420 395.946217 423.968550 407.048817
395.946217 423.968550 407.048817 399.969133 387.445434
407.048817 399.969133 387.445434 390.742676 347.693937
387.445434 390.742676 347.693937 315.454361 306.257111
347.693937 315.454361 306.257111 341.205796 356.900358
306.257111 341.205796 356.900358 361.797707 401.235496
356.900358 361.797707 401.235496 389.834485 394.985837
401.235496 389.834485 394.985837 294.765068 313.968442
394.985837 294.765068 313.968442 308.630756 285.355156
313.968442 308.630756 285.355156 282.501700 341.311567
285.355156 282.501700 341.311567 327.587466 291.436409
341.311567 327.587466 291.436409 280.071276 215.428998
291.436409 280.071276 215.428998 211.286109 250.202975
215.428998 211.286109 250.202975 211.526587 199.177761
250.202975 211.526587 199.177761 201.475654 182.340070
199.177761 201.475654 182.340070 165.979995 167.743568
182.340070 165.979995 167.743568 138.988465 135.389005
167.743568 138.988465 135.389005 137.158213 146.485669
135.389005 137.158213 146.485669 196.951625 162.726378
146.485669 196.951625 162.726378 161.980504 166.143761
162.726378 161.980504 166.143761 150.436663 135.087633
166.143761 150.436663 135.087633 136.669501 129.444123
135.087633 136.669501 129.444123 144.817594 133.160883
129.444123 144.817594 133.160883 134.663895 154.679729
133.160883 134.663895 154.679729 129.438816 132.150605
154.679729 129.438816 132.150605 157.294591 136.080008
132.150605 157.294591 136.080008 116.694364 140.016178
136.080008 116.694364 140.016178 124.726075 121.381850
140.016178 124.726075 121.381850 124.751458 134.120133
121.381850 124.751458 134.120133 124.217897 121.172843
134.120133 124.217897 121.172843 130.666423 148.872689
121.172843 130.666423 148.872689 122.011364 129.733830
148.872689 122.011364 129.733830 135.242555 129.969163
129.733830 135.242555 129.969163 133.693209 132.929247
129.969163 133.693209 132.929247 137.949794 145.480878
132.929247 137.949794 145.480878 116.440035 130.356922
145.480878 116.440035 130.356922 132.766080 158.468791
130.356922 132.766080 158.468791 124.990878 127.718908
158.468791 124.990878 127.718908 135.171681 116.671605
127.718908 135.171681 116.671605 126.572848 129.745462
116.671605 126.572848 129.745462 123.525247 114.284438
129.745462 123.525247 114.284438 126.980262 134.426527
114.284438 126.980262 134.426527 138.032821 147.685010
134.426527 138.032821 147.685010 129.065813 117.533158
147.685010 129.065813 117.533158 122.278690 126.230862
117.533158 122.278690 126.230862 118.400810 119.260004
126.230862 118.400810 119.260004 119.081251 112.922328
119.260004 119.081251 112.922328 111.722539 116.014997
112.922328 111.722539 116.014997 125.535314 131.082752
116.014997 125.535314 131.082752 129.559017 142.153866
131.082752 129.559017 142.153866 136.029027 148.592603
142.153866 136.029027 148.592603 189.347550 154.463780
148.592603 189.347550 154.463780 146.857086 169.062006
154.463780 146.857086 169.062006 185.378512 193.940320
169.062006 185.378512 193.940320 204.947509 216.709554
193.940320 204.947509 216.709554 271.369276 285.337136
216.709554 271.369276 285.337136 254.377184 244.786224
285.337136 254.377184 244.786224 340.230818 332.681444
244.786224 340.230818 332.681444 291.021289 253.996859
332.681444 291.021289 253.996859 319.290166 340.048870
253.996859 319.290166 340.048870 339.206242 281.408793
340.048870 339.206242 281.408793 267.556013 322.008121
281.408793 267.556013 322.008121 351.078900 335.896925
322.008121 351.078900 335.896925 302.040033 287.806655
335.896925 302.040033 287.806655 275.419143 269.527217
287.806655 275.419143 269.527217 255.376827 353.734769
269.527217 255.376827 353.734769 413.460094 354.466194
353.734769 413.460094 354.466194 362.230324 397.826690
354.466194 362.230324 397.826690 333.905036 314.240622
397.826690 333.905036 314.240622 332.175981 370.927228
314.240622 332.175981 370.927228 353.978403 310.885565
370.927228 353.978403 310.885565 357.625049 369.840835
310.885565 357.625049 369.840835 359.130628 361.063753
369.840835 359.130628 361.063753 368.366836 318.427899
361.063753 368.366836 318.427899 244.383466 284.911313
318.427899 244.383466 284.911313 317.814721 347.205583
284.911313 317.814721 347.205583 278.224264 397.881177
347.205583 278.224264 397.881177 328.607563 269.616798
397.881177 328.607563 269.616798 260.135745 273.660889
269.616798 260.135745 273.660889 258.327285 315.089404
273.660889 258.327285 315.089404 370.516347 371.837168
315.089404 370.516347 371.837168 328.568019 369.501755
371.837168 328.568019 369.501755 311.573010 329.318763
369.501755 311.573010 329.318763 324.965320 312.799580
329.318763 324.965320 312.799580 337.367553 344.140633
312.799580 337.367553 344.140633 338.242296 276.575183
344.140633 338.242296 276.575183 259.758188 221.843408
276.575183 259.758188 221.843408 236.464263 246.407767
221.843408 236.464263 246.407767 226.118164 247.368673
246.407767 226.118164 247.368673 260.957640 252.493810
247.368673 260.957640 252.493810 238.667714 273.831621
252.493810 238.667714 273.831621 264.789681 270.193330
273.831621 264.789681 270.193330 261.810235 281.335085
270.193330 261.810235 281.335085 293.778093 297.106893
281.335085 293.778093 297.106893 328.169800 294.111678
297.106893 328.169800 294.111678 250.591841 260.284613
294.111678 250.591841 260.284613 224.431313 263.466945
260.284613 224.431313 263.466945 259.680697 233.803641
263.466945 259.680697 233.803641 214.581111 194.457183
233.803641 214.581111 194.457183 179.562217 202.649041
194.457183 179.562217 202.649041 210.685477 228.724189
202.649041 210.685477 228.724189 216.110456 224.459877
228.724189 216.110456 224.459877 234.020577 249.458765
224.459877 234.020577 249.458765 222.013367 232.596971
249.458765 222.013367 232.596971 264.231197 263.040534
232.596971 264.231197 263.040534 269.562718 270.942002
263.040534 269.562718 270.942002 247.649922 257.908767
270.942002 247.649922 257.908767 251.637965 229.842412
257.908767 251.637965 229.842412 251.632893 282.182698
229.842412 251.632893 282.182698 269.848779 210.274605
282.182698 269.848779 210.274605 238.599506 255.588360
210.274605 238.599506 255.588360 266.982860 270.458984
255.588360 266.982860 270.458984 285.900942 303.478101
270.458984 285.900942 303.478101 226.971404 239.029162
303.478101 226.971404 239.029162 214.798762 231.126544
239.029162 214.798762 231.126544 236.730013 214.831562
231.126544 236.730013 214.831562 285.038600 325.145828
214.831562 285.038600 325.145828 294.695078 296.645457
325.145828 294.695078 296.645457 306.949374 255.781267
296.645457 306.949374 255.781267 263.874327 231.058161
255.781267 263.874327 231.058161 229.996359 265.508185
231.058161 229.996359 265.508185 291.505571 320.177344
265.508185 291.505571 320.177344 332.809982 298.596770
320.177344 332.809982 298.596770 357.297465 390.681660
298.596770 357.297465 390.681660 386.505268 385.494012
390.681660 386.505268 385.494012 398.472985 380.786116
385.494012 398.472985 380.786116 395.412048 398.124996
380.786116 395.412048 398.124996 406.178759 464.860846
398.124996 406.178759 464.860846 465.399377 420.746591
464.860846 465.399377 420.746591 375.485423 344.993351
420.746591 375.485423 344.993351 387.248998 402.259687
344.993351 387.248998 402.259687 407.290261 444.325495
402.259687 407.290261 444.325495 532.317287 534.775564
444.325495 532.317287 534.775564 539.908468 601.153889
534.775564 539.908468 601.153889 590.861693 509.019617
601.153889 590.861693 509.019617 452.232969 451.857412
509.019617 452.232969 451.857412 405.226135 416.106929
451.857412 405.226135 416.106929 439.308411 330.549637
416.106929 439.308411 330.549637 339.488960 405.231481
330.549637 339.488960 405.231481 348.034212 398.167553
405.231481 348.034212 398.167553 379.400233 410.198248
398.167553 379.400233 410.198248 387.850185 403.696769
410.198248 387.850185 403.696769 426.534205 441.722555
403.696769 426.534205 441.722555 401.548014 412.811059
441.722555 401.548014 412.811059 418.914337 366.318974
412.811059 418.914337 366.318974 344.642938 346.165211
366.318974 344.642938 346.165211 386.434024 338.251027
346.165211 386.434024 338.251027 313.023491 306.916555
338.251027 313.023491 306.916555 294.279183 322.709615
306.916555 294.279183 322.709615 294.605580 284.499371
322.709615 294.605580 284.499371 288.472033 292.375014
284.499371 288.472033 292.375014 279.520835 294.454027
292.375014 279.520835 294.454027 298.611519 252.537437
294.454027 298.611519 252.537437 213.800822 176.140014
252.537437 213.800822 176.140014 189.908224 246.954917
176.140014 189.908224 246.954917 210.514908 214.359949
246.954917 210.514908 214.359949 210.067350 159.230322
214.359949 210.067350 159.230322 195.454756 177.389881
159.230322 195.454756 177.389881 195.769785 194.040820
177.389881 195.769785 194.040820 178.785334 181.309823
194.040820 178.785334 181.309823 198.238115 206.189793
181.309823 198.238115 206.189793 187.890728 190.116957
206.189793 187.890728 190.116957 194.058164 197.114381
190.116957 194.058164 197.114381 181.329880 183.256875
197.114381 181.329880 183.256875 186.317032 169.711755
183.256875 186.317032 169.711755 140.964860 132.420273
169.711755 140.964860 132.420273 134.726550 146.100465
132.420273 134.726550 146.100465 164.858534 171.061333
146.100465 164.858534 171.061333 193.744953 203.197797
171.061333 193.744953 203.197797 202.055671 189.049663
203.197797 202.055671 189.049663 153.122971 144.357920
189.049663 153.122971 144.357920 144.620405 137.631461
144.357920 144.620405 137.631461 137.596832 160.215742
137.631461 137.596832 160.215742 174.029087 179.476474
160.215742 174.029087 179.476474 142.638186 148.329168
179.476474 142.638186 148.329168 132.780056 125.252036
148.329168 132.780056 125.252036 143.766438 148.058714
125.252036 143.766438 148.058714 134.891389 127.071823
148.058714 134.891389 127.071823 115.368561 113.554967
127.071823 115.368561 113.554967 112.619885 115.506771
113.554967 112.619885 115.506771 108.451524 124.338452
115.506771 108.451524 124.338452 134.834036 185.331675
124.338452 134.834036 185.331675 150.541843 119.281572
185.331675 150.541843 119.281572 126.151464 134.056984
119.281572 126.151464 134.056984 129.704562 123.735663
134.056984 129.704562 123.735663 126.686094 146.602470
123.735663 126.686094 146.602470 159.059222 130.350989
146.602470 159.059222 130.350989 118.615574 122.379652
130.350989 118.615574 122.379652 120.541389 121.478074
122.379652 120.541389 121.478074 130.537700 110.649965
121.478074 130.537700 110.649965 130.322496 144.516702
110.649965 130.322496 144.516702 169.796146 148.795197
144.516702 169.796146 148.795197 127.512207 125.100343
148.795197 127.512207 125.100343 118.087107 134.139157
125.100343 118.087107 134.139157 147.750748 162.318340
134.139157 147.750748 162.318340 164.396484 185.456622
162.318340 164.396484 185.456622 157.711182 167.270114
185.456622 157.711182 167.270114 237.953031 171.882941
167.270114 237.953031 171.882941 170.811698 167.718383
171.882941 170.811698 167.718383 155.716346 176.082342
167.718383 155.716346 176.082342 198.836639 155.758358
176.082342 198.836639 155.758358 183.486426 196.946966
155.758358 183.486426 196.946966 205.931182 298.040300
196.946966 205.931182 298.040300 277.176185 237.800268
298.040300 277.176185 237.800268 202.231712 182.288673
237.800268 202.231712 182.288673 217.520511 214.988708
182.288673 217.520511 214.988708 196.821720 192.401941
214.988708 196.821720 192.401941 192.708595 198.826872
192.401941 192.708595 198.826872 269.978613 280.707052
198.826872 269.978613 280.707052 218.770350 275.310105
280.707052 218.770350 275.310105 320.353456 333.244286
275.310105 320.353456 333.244286 362.371296 312.253256
333.244286 362.371296 312.253256 294.437484 312.617547
312.253256 294.437484 312.617547 337.783613 356.735490
312.617547 337.783613 356.735490 286.679461 310.311575
356.735490 286.679461 310.311575 282.110988 384.058515
310.311575 282.110988 384.058515 377.085080 359.813232
384.058515 377.085080 359.813232 377.222619 462.329861
359.813232 377.222619 462.329861 368.546261 266.820132
462.329861 368.546261 266.820132 310.000580 276.028334
266.820132 310.000580 276.028334 273.840749 324.419786
276.028334 273.840749 324.419786 298.036221 322.253587
324.419786 298.036221 322.253587 329.019524 297.910301
322.253587 329.019524 297.910301 260.555164 299.091103
297.910301 260.555164 299.091103 356.695793 319.295166
299.091103 356.695793 319.295166 302.413444 289.824593
319.295166 302.413444 289.824593 231.190321 228.654874
289.824593 231.190321 228.654874 270.493741 251.547907
228.654874 270.493741 251.547907 213.860720 192.362402
251.547907 213.860720 192.362402 173.866211 189.505631
192.362402 173.866211 189.505631 183.105592 227.908193
189.505631 183.105592 227.908193 259.375128 252.878838
227.908193 259.375128 252.878838 246.588062 237.701757
252.878838 246.588062 237.701757 227.587131 250.305323
237.701757 227.587131 250.305323 229.051869 250.147341
250.305323 229.051869 250.147341 224.662302 249.288196
250.147341 224.662302 249.288196 246.074350 231.645017
249.288196 246.074350 231.645017 231.042510 248.025034
231.645017 231.042510 248.025034 236.910939 197.487823
248.025034 236.910939 197.487823 226.569855 232.378470
197.487823 226.569855 232.378470 197.252821 202.159060
232.378470 197.252821 202.159060 224.152840 250.973860
202.159060 224.152840 250.973860 243.129080 258.394049
250.973860 243.129080 258.394049 196.931951 231.469324
258.394049 196.931951 231.469324 210.872826 225.476963
231.469324 210.872826 225.476963 214.576415 204.196268
225.476963 214.576415 204.196268 193.962626 189.647740
204.196268 193.962626 189.647740 204.812240 223.871643
189.647740 204.812240 223.871643 225.458792 204.793693
223.871643 225.458792 204.793693 277.723910 225.955935
204.793693 277.723910 225.955935 187.892825 202.997720
225.955935 187.892825 202.997720 196.654981 204.491508
202.997720 196.654981 204.491508 197.317679 201.559477
204.491508 197.317679 201.559477 176.780881 171.055304
201.559477 176.780881 171.055304 184.164765 177.284561
171.055304 184.164765 177.284561 198.702272 230.079385
177.284561 198.702272 230.079385 230.012896 233.039907
230.079385 230.012896 233.039907 258.329061 212.660131
233.039907 258.329061 212.660131 209.378338 198.209715
212.660131 209.378338 198.209715 209.247817 193.342545
198.209715 209.247817 193.342545 198.522127 195.476967
193.342545 198.522127 195.476967 241.687182 238.246078
195.476967 241.687182 238.246078 305.428031 237.641720
238.246078 305.428031 237.641720 191.133806 273.025333
237.641720 191.133806 273.025333 270.673571 254.206671
273.025333 270.673571 254.206671 279.441707 328.828763
254.206671 279.441707 328.828763 325.598098 369.809163
328.828763 325.598098 369.809163 412.845436 363.996883
369.809163 412.845436 363.996883 324.204269 325.042477
363.996883 324.204269 325.042477 345.071359 325.292030
325.042477 345.071359 325.292030 299.791670 346.613899
325.292030 299.791670 346.613899 359.728795 345.900036
346.613899 359.728795 345.900036 346.536602 369.734578
345.900036 346.536602 369.734578 390.980225 400.724960
369.734578 390.980225 400.724960 415.787060 417.840183
400.724960 415.787060 417.840183 470.347607 466.782394
417.840183 470.347607 466.782394 435.086254 385.439421
466.782394 435.086254 385.439421 406.167216 421.878600
385.439421 406.167216 421.878600 425.294594 558.088697
421.878600 425.294594 558.088697 570.424390 533.892283
558.088697 570.424390 533.892283 451.408218 424.895538
533.892283 451.408218 424.895538 379.864692 387.800254
424.895538 379.864692 387.800254 366.618881 325.641167
387.800254 366.618881 325.641167 337.714094 379.447533
325.641167 337.714094 379.447533 385.417246 352.764060
379.447533 385.417246 352.764060 385.932743 407.072947
352.764060 385.932743 407.072947 407.651381 414.426812
407.072947 407.651381 414.426812 418.802545 420.198588
414.426812 418.802545 420.198588 377.869052 303.329283
420.198588 377.869052 303.329283 299.395692 351.743856
303.329283 299.395692 351.743856 397.699060 358.984728
351.743856 397.699060 358.984728 305.629209 330.642597
358.984728 305.629209 330.642597 313.491701 300.786033
330.642597 313.491701 300.786033 323.218639 340.232722
300.786033 323.218639 340.232722 371.387240 367.850455
340.232722 371.387240 367.850455 405.743120 324.722497
367.850455 405.743120 324.722497 304.274895 303.391665
324.722497 304.274895 303.391665 302.131269 319.562941
303.391665 302.131269 319.562941 271.422245 276.074083
319.562941 271.422245 276.074083 328.829550 270.177118
276.074083 328.829550 270.177118 279.738779 234.291854
270.177118 279.738779 234.291854 223.783398 223.959490
234.291854 223.783398 223.959490 199.758201 175.193841
223.959490 199.758201 175.193841 170.860391 183.862918
175.193841 170.860391 183.862918 162.040729 142.341343
183.862918 162.040729 142.341343 125.993533 148.317497
142.341343 125.993533 148.317497 152.936085 151.551607
148.317497 152.936085 151.551607 146.726701 122.889753
151.551607 146.726701 122.889753 137.907518 138.551114
122.889753 137.907518 138.551114 131.869013 120.204653
138.551114 131.869013 120.204653 132.036460 131.511124
120.204653 132.036460 131.511124 146.669647 124.430526
131.511124 146.669647 124.430526 138.313170 118.111658
124.430526 138.313170 118.111658 127.374589 155.446487
118.111658 127.374589 155.446487 129.563326 117.569322
155.446487 129.563326 117.569322 130.216021 143.011078
117.569322 130.216021 143.011078 159.506564 117.978229
143.011078 159.506564 117.978229 119.884840 125.533353
117.978229 119.884840 125.533353 134.787718 155.486015
125.533353 134.787718 155.486015 149.659724 134.498786
155.486015 149.659724 134.498786 128.224877 116.635015
134.498786 128.224877 116.635015 134.164722 159.930564
116.635015 134.164722 159.930564 138.511981 121.907895
159.930564 138.511981 121.907895 105.694579 128.350534
121.907895 105.694579 128.350534 122.389538 119.489332
128.350534 122.389538 119.489332 122.091710 138.188906
119.489332 122.091710 138.188906 135.231263 128.291224
138.188906 135.231263 128.291224 128.260956 120.655715
128.291224 128.260956 120.655715 130.042773 118.185574
120.655715 130.042773 118.185574 105.410715 106.469204
118.185574 105.410715 106.469204 112.069071 110.861701
106.469204 112.069071 110.861701 129.264927 125.071132
110.861701 129.264927 125.071132 117.407218 98.799686
125.071132 117.407218 98.799686 99.300331 97.881350
98.799686 99.300331 97.881350 102.657603 131.199539
97.881350 102.657603 131.199539 181.296955 191.828350
131.199539 181.296955 191.828350 160.429042 143.304681
191.828350 160.429042 143.304681 132.544660 128.104465
143.304681 132.544660 128.104465 130.053013 113.171562
128.104465 130.053013 113.171562 112.064569 125.389024
113.171562 112.064569 125.389024 142.196059 176.441247
125.389024 142.196059 176.441247 139.812392 176.811020
176.441247 139.812392 176.811020 172.094080 145.551877
176.811020 172.094080 145.551877 138.932156 202.508370
145.551877 138.932156 202.508370 186.424581 226.651629
202.508370 186.424581 226.651629 249.672359 275.512015
226.651629 249.672359 275.512015 304.765245 355.321449
275.512015 304.765245 355.321449 321.529140 276.661497
355.321449 321.529140 276.661497 264.545631 247.379552
276.661497 264.545631 247.379552 275.544181 341.274625
247.379552 275.544181 341.274625 296.628166 293.358334
341.274625 296.628166 293.358334 327.725245 344.975464
293.358334 327.725245 344.975464 347.450611 363.736830
344.975464 347.450611 363.736830 339.978590 363.573019
363.736830 339.978590 363.573019 335.981168 320.454208
363.573019 335.981168 320.454208 304.209736 286.564438
320.454208 304.209736 286.564438 225.404625 324.379571
286.564438 225.404625 324.379571 299.765368 310.742974
324.379571 299.765368 310.742974 290.696763 290.017232
310.742974 290.696763 290.017232 248.071420 190.196405
290.017232 248.071420 190.196405 264.758075 312.840066
190.196405 264.758075 312.840066 239.778685 271.163066
312.840066 239.778685 271.163066 276.181564 238.306422
271.163066 276.181564 238.306422 267.443843 280.663513
238.306422 267.443843 280.663513 324.786974 269.526176
280.663513 324.786974 269.526176 293.692003 257.432720
269.526176 293.692003 257.432720 270.626220 303.279220
257.432720 270.626220 303.279220 273.999406 252.413504
303.279220 273.999406 252.413504 360.989007 312.329955
252.413504 360.989007 312.329955 311.307748 289.469559
312.329955 311.307748 289.469559 208.691942 211.573889
289.469559 208.691942 211.573889 192.204646 233.360454
211.573889 192.204646 233.360454 223.641923 218.129137
233.360454 223.641923 218.129137 231.176884 220.821146
218.129137 231.176884 220.821146 239.945877 233.097448
220.821146 239.945877 233.097448 248.611097 280.834681
233.097448 248.611097 280.834681 312.451430 281.874916
280.834681 312.451430 281.874916 274.876679 258.309551
281.874916 274.876679 258.309551 277.365704 214.886320
258.309551 277.365704 214.886320 188.618002 202.918449
214.886320 188.618002 202.918449 260.564752 239.208938
202.918449 260.564752 239.208938 259.869013 309.656938
239.208938 259.869013 309.656938 314.918632 261.535131
309.656938 314.918632 261.535131 274.080506 223.586985
261.535131 274.080506 223.586985 269.173328 251.723322
223.586985 269.173328 251.723322 243.813906 249.484528
251.723322 243.813906 249.484528 251.884860 230.647389
249.484528 251.884860 230.647389 202.352834 186.725922
230.647389 202.352834 186.725922 172.778083 159.782073
186.725922 172.778083 159.782073 165.920771 187.481614
159.782073 165.920771 187.481614 211.457560 232.669653
187.481614 211.457560 232.669653 223.863744 176.176426
232.669653 223.863744 176.176426 203.337699 210.127780
176.176426 203.337699 210.127780 177.376403 185.276504
210.127780 177.376403 185.276504 170.050738 195.388561
185.276504 170.050738 195.388561 212.230202 218.530895
195.388561 212.230202 218.530895 226.434695 254.819236
218.530895 226.434695 254.819236 246.934144 254.898295
254.819236 246.934144 254.898295 262.065359 226.528095
254.898295 262.065359 226.528095 259.306294 235.640965
226.528095 259.306294 235.640965 217.279031 207.156047
235.640965 217.279031 207.156047 203.987285 198.712779
