22.740929 20.016900 20.802438 20.347934 19.565531
20.802438 20.347934 19.565531 20.729571 20.630886
19.565531 20.729571 20.630886 20.708247 20.865213
20.630886 20.708247 20.865213 23.282169 23.641540
20.865213 23.282169 23.641540 25.383304 25.574972
23.641540 25.383304 25.574972 27.725137 27.202309
25.574972 27.725137 27.202309 28.963157 31.274583
27.202309 28.963157 31.274583 29.276144 30.582408
31.274583 29.276144 30.582408 38.046014 40.090660
30.582408 38.046014 40.090660 42.560525 44.959272
40.090660 42.560525 44.959272 47.160039 47.705225
44.959272 47.160039 47.705225 49.598494 52.188223
47.705225 49.598494 52.188223 53.131378 54.648305
52.188223 53.131378 54.648305 53.980029 54.944824
54.648305 53.980029 54.944824 55.949122 54.102176
54.944824 55.949122 54.102176 54.325431 56.104555
54.102176 54.325431 56.104555 56.301318 60.254748
56.104555 56.301318 60.254748 59.027729 59.555233
60.254748 59.027729 59.555233 60.372426 61.607362
59.555233 60.372426 61.607362 58.793465 57.080692
61.607362 58.793465 57.080692 60.488184 62.004604
57.080692 60.488184 62.004604 66.131549 63.106611
62.004604 66.131549 63.106611 59.908695 57.974837
63.106611 59.908695 57.974837 57.963082 59.969371
57.974837 57.963082 59.969371 58.542002 58.057156
59.969371 58.542002 58.057156 59.559342 58.996307
58.057156 59.559342 58.996307 62.482611 62.710056
58.996307 62.482611 62.710056 63.750479 64.336253
62.710056 63.750479 64.336253 65.749329 61.401682
64.336253 65.749329 61.401682 59.717884 61.051629
61.401682 59.717884 61.051629 61.979848 60.989528
61.051629 61.979848 60.989528 60.333792 57.082165
60.989528 60.333792 57.082165 56.930644 55.307192
57.082165 56.930644 55.307192 55.306260 52.352226
55.307192 55.306260 52.352226 53.351642 53.792833
52.352226 53.351642 53.792833 54.301074 50.968371
53.792833 54.301074 50.968371 49.724726 50.637863
50.968371 49.724726 50.637863 48.811497 47.626994
50.637863 48.811497 47.626994 46.777072 45.225090
47.626994 46.777072 45.225090 44.683228 44.521693
45.225090 44.683228 44.521693 43.306232 41.186090
44.521693 43.306232 41.186090 40.088965 40.661936
41.186090 40.088965 40.661936 40.761920 37.141851
40.661936 40.761920 37.141851 36.408366 35.039750
37.141851 36.408366 35.039750 34.845442 33.818416
35.039750 34.845442 33.818416 32.704737 31.681006
33.818416 32.704737 31.681006 31.231302 30.745030
31.681006 31.231302 30.745030 29.895713 30.211520
30.745030 29.895713 30.211520 30.335456 28.936695
30.211520 30.335456 28.936695 27.247315 27.145757
28.936695 27.247315 27.145757 25.971319 25.100009
27.145757 25.971319 25.100009 25.112235 24.542644
25.100009 25.112235 24.542644 23.220795 22.481783
24.542644 23.220795 22.481783 21.623813 22.204595
22.481783 21.623813 22.204595 22.417004 21.259754
22.204595 22.417004 21.259754 21.558263 20.139035
21.259754 21.558263 20.139035 19.008603 18.511097
20.139035 19.008603 18.511097 17.578712 16.934463
18.511097 17.578712 16.934463 16.949196 16.572712
16.934463 16.949196 16.572712 16.408765 16.492150
16.572712 16.408765 16.492150 18.045704 18.061415
16.492150 18.045704 18.061415 18.649238 17.590550
18.061415 18.649238 17.590550 17.511316 15.987056
17.590550 17.511316 15.987056 14.715464 14.324054
15.987056 14.715464 14.324054 13.582941 13.337673
14.324054 13.582941 13.337673 13.208212 12.724623
13.337673 13.208212 12.724623 12.245978 12.025038
12.724623 12.245978 12.025038 12.458531 12.301815
12.025038 12.458531 12.301815 12.102639 12.859251
12.301815 12.102639 12.859251 11.896614 11.880177
12.859251 11.896614 11.880177 12.189174 13.037856
11.880177 12.189174 13.037856 12.864643 12.511117
13.037856 12.864643 12.511117 13.182658 12.676577
12.511117 13.182658 12.676577 12.050095 12.710204
12.676577 12.050095 12.710204 12.441844 13.057186
12.710204 12.441844 13.057186 13.244763 12.916380
13.057186 13.244763 12.916380 13.763665 13.377197
12.916380 13.763665 13.377197 12.541596 12.534590
13.377197 12.541596 12.534590 14.015617 14.730270
12.534590 14.015617 14.730270 15.596269 14.509914
14.730270 15.596269 14.509914 13.976155 14.177515
14.509914 13.976155 14.177515 13.606028 13.242539
14.177515 13.606028 13.242539 13.736705 14.773583
13.242539 13.736705 14.773583 13.449385 12.596459
14.773583 13.449385 12.596459 17.489470 15.143676
12.596459 17.489470 15.143676 15.416267 17.041983
15.143676 15.416267 17.041983 13.518983 15.159881
17.041983 13.518983 15.159881 16.248618 17.956492
15.159881 16.248618 17.956492 17.827328 18.581364
17.956492 17.827328 18.581364 20.473815 21.528196
18.581364 20.473815 21.528196 27.056318 21.622508
21.528196 27.056318 21.622508 18.730727 17.173970
21.622508 18.730727 17.173970 18.544483 18.381650
17.173970 18.544483 18.381650 17.472164 17.340418
18.381650 17.472164 17.340418 18.404187 18.426520
17.340418 18.404187 18.426520 17.756039 18.807014
18.426520 17.756039 18.807014 22.099903 22.861035
18.807014 22.099903 22.861035 19.956001 20.197145
22.861035 19.956001 20.197145 20.375432 22.191323
20.197145 20.375432 22.191323 22.513971 21.229209
22.191323 22.513971 21.229209 20.923548 23.076529
21.229209 20.923548 23.076529 18.940416 19.992000
23.076529 18.940416 19.992000 21.050097 20.844229
19.992000 21.050097 20.844229 19.875099 18.603651
20.844229 19.875099 18.603651 20.072576 20.476968
18.603651 20.072576 20.476968 20.900205 19.881000
20.476968 20.900205 19.881000 18.710494 19.045402
19.881000 18.710494 19.045402 18.223741 17.658953
19.045402 18.223741 17.658953 19.420138 19.635559
17.658953 19.420138 19.635559 17.618629 17.267510
19.635559 17.618629 17.267510 19.265319 19.452818
17.267510 19.265319 19.452818 20.279103 21.271661
19.452818 20.279103 21.271661 20.887951 21.878379
21.271661 20.887951 21.878379 22.827794 23.554729
21.878379 22.827794 23.554729 25.613681 26.043199
23.554729 25.613681 26.043199 27.325478 27.834758
26.043199 27.325478 27.834758 28.576969 28.679498
27.834758 28.576969 28.679498 26.034335 24.862926
28.679498 26.034335 24.862926 24.952083 25.976331
24.862926 24.952083 25.976331 27.762441 28.665054
25.976331 27.762441 28.665054 29.534178 29.958956
28.665054 29.534178 29.958956 30.170852 30.865433
29.958956 30.170852 30.865433 30.966155 29.610662
30.865433 30.966155 29.610662 27.944636 32.433529
29.610662 27.944636 32.433529 30.454834 28.757974
32.433529 30.454834 28.757974 28.710063 27.377122
28.757974 28.710063 27.377122 27.358581 27.695222
27.377122 27.358581 27.695222 26.425503 27.442427
27.695222 26.425503 27.442427 28.261942 27.782517
27.442427 28.261942 27.782517 28.610946 24.913925
27.782517 28.610946 24.913925 26.079754 27.054246
24.913925 26.079754 27.054246 26.947164 25.354143
27.054246 26.947164 25.354143 23.248446 22.928137
25.354143 23.248446 22.928137 24.143643 22.791206
22.928137 24.143643 22.791206 24.235199 23.882462
22.791206 24.235199 23.882462 22.903370 22.779465
23.882462 22.903370 22.779465 21.994830 20.858232
22.779465 21.994830 20.858232 21.618562 21.960060
20.858232 21.618562 21.960060 20.498605 21.505424
21.960060 20.498605 21.505424 23.232637 23.844689
21.505424 23.232637 23.844689 23.538681 23.890889
23.844689 23.538681 23.890889 23.799299 23.083352
23.890889 23.799299 23.083352 23.460801 24.033778
23.083352 23.460801 24.033778 26.689816 27.084689
24.033778 26.689816 27.084689 25.854312 26.688366
27.084689 25.854312 26.688366 27.578214 29.440387
26.688366 27.578214 29.440387 28.977727 29.862382
29.440387 28.977727 29.862382 29.098890 31.683881
29.862382 29.098890 31.683881 32.212922 31.012835
31.683881 32.212922 31.012835 32.598381 33.002926
31.012835 32.598381 33.002926 33.885818 35.150415
33.002926 33.885818 35.150415 35.209940 36.938087
35.150415 35.209940 36.938087 39.746336 40.841002
36.938087 39.746336 40.841002 43.327236 48.828620
40.841002 43.327236 48.828620 48.095779 52.930064
48.828620 48.095779 52.930064 51.518780 54.320629
52.930064 51.518780 54.320629 53.349026 54.584110
54.320629 53.349026 54.584110 53.566899 56.697975
54.584110 53.566899 56.697975 58.688372 56.672745
56.697975 58.688372 56.672745 56.548608 54.482933
56.672745 56.548608 54.482933 55.349043 55.954387
54.482933 55.349043 55.954387 55.609470 57.990945
55.954387 55.609470 57.990945 60.443214 62.946809
57.990945 60.443214 62.946809 61.020018 59.927721
62.946809 61.020018 59.927721 61.000293 62.048223
59.927721 61.000293 62.048223 63.981282 61.545641
62.048223 63.981282 61.545641 60.581527 65.061459
61.545641 60.581527 65.061459 58.286964 56.300717
65.061459 58.286964 56.300717 57.926319 59.227760
56.300717 57.926319 59.227760 61.414838 58.521222
59.227760 61.414838 58.521222 58.381003 56.188116
58.521222 58.381003 56.188116 59.210326 59.948814
56.188116 59.210326 59.948814 61.317083 62.545413
59.948814 61.317083 62.545413 62.200852 62.058745
62.545413 62.200852 62.058745 61.691908 62.611464
62.058745 61.691908 62.611464 61.279515 60.264757
62.611464 61.279515 60.264757 61.135037 55.794915
60.264757 61.135037 55.794915 54.928304 55.382922
55.794915 54.928304 55.382922 54.237492 52.864598
55.382922 54.237492 52.864598 54.446587 54.024781
52.864598 54.446587 54.024781 50.758329 49.187946
54.024781 50.758329 49.187946 47.874480 46.038065
49.187946 47.874480 46.038065 42.763633 41.636239
46.038065 42.763633 41.636239 42.207866 41.130890
41.636239 42.207866 41.130890 40.679094 37.092972
41.130890 40.679094 37.092972 33.859042 34.727937
37.092972 33.859042 34.727937 35.296336 35.809813
34.727937 35.296336 35.809813 33.562616 32.339837
35.809813 33.562616 32.339837 31.257807 30.152438
32.339837 31.257807 30.152438 29.378759 27.439498
30.152438 29.378759 27.439498 27.080090 25.673241
27.439498 27.080090 25.673241 26.375181 26.628259
25.673241 26.375181 26.628259 26.799907 26.016099
26.628259 26.799907 26.016099 25.588064 25.097686
26.016099 25.588064 25.097686 25.620261 24.511643
25.097686 25.620261 24.511643 24.331832 23.880922
24.511643 24.331832 23.880922 24.090409 23.419617
23.880922 24.090409 23.419617 23.140017 23.183848
23.419617 23.140017 23.183848 23.387460 22.849922
23.183848 23.387460 22.849922 22.195785 21.058142
22.849922 22.195785 21.058142 21.881686 21.755382
21.058142 21.881686 21.755382 21.244961 20.265879
21.755382 21.244961 20.265879 20.063363 19.973756
20.265879 20.063363 19.973756 19.731875 19.946769
19.973756 19.731875 19.946769 20.287998 19.882179
19.946769 20.287998 19.882179 18.619733 18.835442
19.882179 18.619733 18.835442 19.578073 18.847115
18.835442 19.578073 18.847115 18.662525 18.016566
18.847115 18.662525 18.016566 18.331486 17.897144
18.016566 18.331486 17.897144 17.859053 17.550053
17.897144 17.859053 17.550053 17.869069 17.220677
17.550053 17.869069 17.220677 17.283720 16.256012
17.220677 17.283720 16.256012 16.777409 17.250420
16.256012 16.777409 17.250420 17.941410 18.501533
17.250420 17.941410 18.501533 17.941215 16.610655
18.501533 17.941215 16.610655 16.924823 16.933325
16.610655 16.924823 16.933325 16.867066 18.817664
16.933325 16.867066 18.817664 19.046937 18.067850
18.817664 19.046937 18.067850 17.069555 18.528263
18.067850 17.069555 18.528263 18.202396 17.302439
18.528263 18.202396 17.302439 16.791623 15.617552
17.302439 16.791623 15.617552 15.341502 16.678087
15.617552 15.341502 16.678087 17.141620 17.544211
16.678087 17.141620 17.544211 18.011667 17.858504
17.544211 18.011667 17.858504 17.662562 19.020325
17.858504 17.662562 19.020325 19.024922 17.926775
19.020325 19.024922 17.926775 17.352479 17.438948
17.926775 17.352479 17.438948 18.315727 19.665234
17.438948 18.315727 19.665234 23.003507 19.246670
19.665234 23.003507 19.246670 15.514446 16.096428
19.246670 15.514446 16.096428 14.754057 15.915362
16.096428 14.754057 15.915362 16.275356 16.195401
15.915362 16.275356 16.195401 16.559085 17.520144
16.195401 16.559085 17.520144 16.759073 20.263121
17.520144 16.759073 20.263121 18.810782 15.695375
20.263121 18.810782 15.695375 14.790863 15.442721
15.695375 14.790863 15.442721 17.070118 17.547020
15.442721 17.070118 17.547020 20.274530 18.941265
17.547020 20.274530 18.941265 18.756919 18.572198
18.941265 18.756919 18.572198 17.845837 22.419967
18.572198 17.845837 22.419967 20.623061 22.756935
22.419967 20.623061 22.756935 19.488332 19.152186
22.756935 19.488332 19.152186 19.994617 20.832038
19.152186 19.994617 20.832038 21.596013 21.322946
20.832038 21.596013 21.322946 24.675517 21.577331
21.322946 24.675517 21.577331 20.083415 20.969913
21.577331 20.083415 20.969913 18.629109 18.023580
20.969913 18.629109 18.023580 18.616937 23.378120
18.023580 18.616937 23.378120 32.128794 32.028818
23.378120 32.128794 32.028818 31.560458 29.815825
32.028818 31.560458 29.815825 30.204260 31.219691
29.815825 30.204260 31.219691 30.913381 31.352444
31.219691 30.913381 31.352444 31.198147 31.901144
31.352444 31.198147 31.901144 30.447833 19.063764
31.901144 30.447833 19.063764 21.390508 22.608310
19.063764 21.390508 22.608310 22.669635 24.641703
22.608310 22.669635 24.641703 23.636881 24.001125
24.641703 23.636881 24.001125 35.052068 36.392147
24.001125 35.052068 36.392147 37.292381 38.716101
36.392147 37.292381 38.716101 39.306908 40.626250
38.716101 39.306908 40.626250 42.019477 41.143532
40.626250 42.019477 41.143532 41.459123 39.354632
41.143532 41.459123 39.354632 39.485679 42.254537
39.354632 39.485679 42.254537 40.774629 41.673550
42.254537 40.774629 41.673550 44.712621 42.583508
41.673550 44.712621 42.583508 39.151491 38.125866
42.583508 39.151491 38.125866 36.448332 34.885589
38.125866 36.448332 34.885589 33.259058 33.986013
34.885589 33.259058 33.986013 34.653077 33.408677
33.986013 34.653077 33.408677 31.652421 32.524247
33.408677 31.652421 32.524247 31.940325 35.349502
32.524247 31.940325 35.349502 30.860478 30.819227
35.349502 30.860478 30.819227 28.949419 29.539003
30.819227 28.949419 29.539003 33.420349 31.858810
29.539003 33.420349 31.858810 31.115907 29.558377
31.858810 31.115907 29.558377 29.563352 29.103760
29.558377 29.563352 29.103760 29.146588 29.971944
29.103760 29.146588 29.971944 27.254738 28.079839
29.971944 27.254738 28.079839 28.848503 29.712257
28.079839 28.848503 29.712257 27.908584 27.915185
29.712257 27.908584 27.915185 26.923477 25.661357
27.915185 26.923477 25.661357 26.302735 25.937844
25.661357 26.302735 25.937844 26.198101 24.717572
25.937844 26.198101 24.717572 24.745474 24.417825
24.717572 24.745474 24.417825 24.996108 26.757927
24.417825 24.996108 26.757927 28.570339 25.340179
26.757927 28.570339 25.340179 24.400311 25.407640
25.340179 24.400311 25.407640 26.255277 28.358075
25.407640 26.255277 28.358075 28.084478 27.445244
28.358075 28.084478 27.445244 28.765854 29.174422
27.445244 28.765854 29.174422 26.410967 26.318013
29.174422 26.410967 26.318013 26.205507 26.423446
26.318013 26.205507 26.423446 28.714943 26.522628
26.423446 28.714943 26.522628 26.881630 28.403868
26.522628 26.881630 28.403868 30.544727 30.834770
28.403868 30.544727 30.834770 31.268594 31.860878
30.834770 31.268594 31.860878 34.634007 35.002290
31.860878 34.634007 35.002290 36.214438 38.613653
35.002290 36.214438 38.613653 41.193093 43.176705
38.613653 41.193093 43.176705 46.302000 46.630455
43.176705 46.302000 46.630455 47.129331 51.061290
46.630455 47.129331 51.061290 54.781974 56.515002
51.061290 54.781974 56.515002 56.443518 61.908789
56.515002 56.443518 61.908789 64.263007 62.612037
61.908789 64.263007 62.612037 64.054990 63.844022
62.612037 64.054990 63.844022 65.840341 64.109405
63.844022 65.840341 64.109405 63.563534 62.887981
64.109405 63.563534 62.887981 65.387323 66.883914
62.887981 65.387323 66.883914 68.170983 67.785075
66.883914 68.170983 67.785075 70.019834 69.084956
67.785075 70.019834 69.084956 68.073451 67.036910
69.084956 68.073451 67.036910 66.644572 66.740099
67.036910 66.644572 66.740099 70.856248 71.308430
66.740099 70.856248 71.308430 67.987154 67.996267
71.308430 67.987154 67.996267 66.448265 64.946851
67.996267 66.448265 64.946851 64.652933 64.062136
64.946851 64.652933 64.062136 63.179136 63.304509
64.062136 63.179136 63.304509 62.743882 60.801044
63.304509 62.743882 60.801044 59.153246 62.183253
60.801044 59.153246 62.183253 62.492780 63.978980
62.183253 62.492780 63.978980 65.246926 63.332120
63.978980 65.246926 63.332120 63.248074 61.912750
63.332120 63.248074 61.912750 58.891461 56.285258
61.912750 58.891461 56.285258 54.439923 53.371561
56.285258 54.439923 53.371561 52.695734 50.402407
53.371561 52.695734 50.402407 48.794160 47.376301
50.402407 48.794160 47.376301 47.077361 45.562732
47.376301 47.077361 45.562732 44.961072 44.923402
45.562732 44.961072 44.923402 42.927224 42.639508
44.923402 42.927224 42.639508 40.577471 39.246915
42.639508 40.577471 39.246915 37.717639 37.043841
39.246915 37.717639 37.043841 35.519194 33.851699
37.043841 35.519194 33.851699 33.698354 33.976232
33.851699 33.698354 33.976232 32.345848 31.785920
33.976232 32.345848 31.785920 32.737273 31.764997
31.785920 32.737273 31.764997 30.795657 30.875640
31.764997 30.795657 30.875640 30.494643 29.447348
30.875640 30.494643 29.447348 28.273822 27.999636
29.447348 28.273822 27.999636 27.179626 26.824892
27.999636 27.179626 26.824892 26.270255 25.124740
26.824892 26.270255 25.124740 24.137022 22.492842
25.124740 24.137022 22.492842 22.349440 21.597197
22.492842 22.349440 21.597197 22.230868 21.766153
21.597197 22.230868 21.766153 22.376590 22.074726
21.766153 22.376590 22.074726 22.172749 21.812782
22.074726 22.172749 21.812782 22.460152 22.452059
21.812782 22.460152 22.452059 22.413076 21.763724
22.452059 22.413076 21.763724 21.438413 20.821799
21.763724 21.438413 20.821799 20.303214 19.740676
20.821799 20.303214 19.740676 19.916961 20.303823
19.740676 19.916961 20.303823 20.490051 18.893058
20.303823 20.490051 18.893058 18.518834 17.624476
18.893058 18.518834 17.624476 16.959233 17.379860
17.624476 16.959233 17.379860 17.234435 18.230537
17.379860 17.234435 18.230537 17.772676 16.653708
18.230537 17.772676 16.653708 17.499436 18.001284
16.653708 17.499436 18.001284 17.855241 17.217045
18.001284 17.855241 17.217045 16.807191 15.792680
17.217045 16.807191 15.792680 15.362293 16.211213
15.792680 15.362293 16.211213 16.795215 16.476920
16.211213 16.795215 16.476920 17.804592 17.653038
16.476920 17.804592 17.653038 17.268834 17.996338
17.653038 17.268834 17.996338 18.388150 18.125917
17.996338 18.388150 18.125917 18.640274 16.653506
18.125917 18.640274 16.653506 17.220389 16.461287
16.653506 17.220389 16.461287 17.833603 19.058979
16.461287 17.833603 19.058979 18.160627 17.675874
19.058979 18.160627 17.675874 17.046156 16.304274
17.675874 17.046156 16.304274 16.355249 16.034936
16.304274 16.355249 16.034936 17.131368 19.162141
16.034936 17.131368 19.162141 20.595072 20.905690
19.162141 20.595072 20.905690 20.504011 20.670960
20.905690 20.504011 20.670960 19.740310 18.709231
20.670960 19.740310 18.709231 17.511925 18.252361
18.709231 17.511925 18.252361 15.647236 18.215537
18.252361 15.647236 18.215537 19.374583 21.880640
18.215537 19.374583 21.880640 21.505338 20.613061
21.880640 21.505338 20.613061 20.113779 21.969087
20.613061 20.113779 21.969087 21.850028 20.780263
21.969087 21.850028 20.780263 19.719829 19.220850
20.780263 19.719829 19.220850 19.329499 18.896025
19.220850 19.329499 18.896025 18.581024 17.985659
18.896025 18.581024 17.985659 18.159345 16.937158
17.985659 18.159345 16.937158 16.569319 19.165784
16.937158 16.569319 19.165784 20.765848 18.820938
19.165784 20.765848 18.820938 21.742522 19.735981
18.820938 21.742522 19.735981 20.946896 21.514108
19.735981 20.946896 21.514108 25.852043 25.409251
21.514108 25.852043 25.409251 24.866199 23.659459
25.409251 24.866199 23.659459 23.458270 23.661940
23.659459 23.458270 23.661940 23.999878 25.259551
23.661940 23.999878 25.259551 26.266490 25.112742
25.259551 26.266490 25.112742 24.456895 23.140458
25.112742 24.456895 23.140458 23.239284 22.413078
23.140458 23.239284 22.413078 20.904674 20.019831
22.413078 20.904674 20.019831 18.614061 19.294239
20.019831 18.614061 19.294239 20.373006 22.770250
19.294239 20.373006 22.770250 19.736720 21.557888
22.770250 19.736720 21.557888 21.498314 19.638673
21.557888 21.498314 19.638673 19.992027 20.133906
19.638673 19.992027 20.133906 18.007155 18.624962
20.133906 18.007155 18.624962 17.937564 17.687207
18.624962 17.937564 17.687207 20.396513 20.763636
17.687207 20.396513 20.763636 21.613168 21.530805
20.763636 21.613168 21.530805 22.030334 22.642225
21.530805 22.030334 22.642225 22.158500 21.298540
22.642225 22.158500 21.298540 24.330070 23.219588
21.298540 24.330070 23.219588 22.606191 21.472104
23.219588 22.606191 21.472104 22.017790 21.034644
21.472104 22.017790 21.034644 22.676222 22.354279
21.034644 22.676222 22.354279 21.935018 22.340607
22.354279 21.935018 22.340607 22.363960 21.481847
22.340607 22.363960 21.481847 22.380623 21.553494
21.481847 22.380623 21.553494 21.881759 21.158490
21.553494 21.881759 21.158490 21.071618 19.342707
21.158490 21.071618 19.342707 19.564916 20.505706
19.342707 19.564916 20.505706 21.017134 22.206896
20.505706 21.017134 22.206896 22.897602 21.803225
22.206896 22.897602 21.803225 20.741918 20.750308
21.803225 20.741918 20.750308 20.853814 21.423503
20.750308 20.853814 21.423503 20.588021 21.482783
21.423503 20.588021 21.482783 21.881006 23.136174
21.482783 21.881006 23.136174 23.158920 23.176789
23.136174 23.158920 23.176789 22.915570 23.376803
23.176789 22.915570 23.376803 28.597309 33.128284
23.376803 28.597309 33.128284 35.511127 32.551126
33.128284 35.511127 32.551126 30.644254 32.229849
32.551126 30.644254 32.229849 31.243921 31.416874
32.229849 31.243921 31.416874 34.390390 30.253868
31.416874 34.390390 30.253868 24.523178 27.288468
30.253868 24.523178 27.288468 32.787699 33.560966
27.288468 32.787699 33.560966 28.560707 20.222954
33.560966 28.560707 20.222954 20.792628 21.053827
20.222954 20.792628 21.053827 21.830480 22.348263
21.053827 21.830480 22.348263 21.500152 21.433887
22.348263 21.500152 21.433887 21.017544 22.663245
21.433887 21.017544 22.663245 24.251208 22.257212
22.663245 24.251208 22.257212 21.825091 24.360403
22.257212 21.825091 24.360403 24.201285 26.114270
24.360403 24.201285 26.114270 27.970105 30.580983
26.114270 27.970105 30.580983 33.672090 36.818225
30.580983 33.672090 36.818225 40.191709 46.773799
36.818225 40.191709 46.773799 47.605266 47.777685
46.773799 47.605266 47.777685 52.784038 58.644715
47.777685 52.784038 58.644715 59.118862 58.125261
58.644715 59.118862 58.125261 62.691437 64.579034
58.125261 62.691437 64.579034 67.589618 68.189652
64.579034 67.589618 68.189652 65.498014 63.226831
68.189652 65.498014 63.226831 64.497177 63.538769
63.226831 64.497177 63.538769 61.667238 61.785908
63.538769 61.667238 61.785908 63.559741 62.285016
61.785908 63.559741 62.285016 62.357410 63.187810
62.285016 62.357410 63.187810 66.146347 66.950347
63.187810 66.146347 66.950347 65.460324 69.644362
66.950347 65.460324 69.644362 65.957594 66.362740
69.644362 65.957594 66.362740 67.717145 61.407013
66.362740 67.717145 61.407013 62.662495 63.490895
61.407013 62.662495 63.490895 64.539528 64.909964
63.490895 64.539528 64.909964 63.041102 61.382980
64.909964 63.041102 61.382980 60.697305 59.796498
61.382980 60.697305 59.796498 58.739028 56.855794
59.796498 58.739028 56.855794 54.847086 53.982924
56.855794 54.847086 53.982924 54.979306 56.091008
53.982924 54.979306 56.091008 55.102216 54.314116
56.091008 55.102216 54.314116 53.102072 51.429389
54.314116 53.102072 51.429389 50.955343 50.039827
51.429389 50.955343 50.039827 49.974475 48.111717
50.039827 49.974475 48.111717 45.782929 42.898606
48.111717 45.782929 42.898606 41.404784 40.901878
42.898606 41.404784 40.901878 40.378949 39.134923
40.901878 40.378949 39.134923 40.141541 41.256269
39.134923 40.141541 41.256269 40.283230 41.257010
41.256269 40.283230 41.257010 39.202388 37.170740
41.257010 39.202388 37.170740 35.699265 33.417475
37.170740 35.699265 33.417475 31.426616 30.385118
33.417475 31.426616 30.385118 29.863355 29.786402
30.385118 29.863355 29.786402 29.998269 27.975493
29.786402 29.998269 27.975493 27.570756 26.131073
27.975493 27.570756 26.131073 24.549222 23.650770
26.131073 24.549222 23.650770 24.218408 23.096885
23.650770 24.218408 23.096885 23.838376 24.948425
23.096885 23.838376 24.948425 23.772687 22.858544
24.948425 23.772687 22.858544 22.035341 22.176932
22.858544 22.035341 22.176932 21.952793 22.080711
22.176932 21.952793 22.080711 21.758154 20.879880
22.080711 21.758154 20.879880 20.453159 20.895440
20.879880 20.453159 20.895440 20.819016 20.013342
20.895440 20.819016 20.013342 20.210896 19.532400
20.013342 20.210896 19.532400 19.223286 19.654956
19.532400 19.223286 19.654956 19.435592 19.732518
19.654956 19.435592 19.732518 19.659224 19.249179
19.732518 19.659224 19.249179 19.027633 17.978497
19.249179 19.027633 17.978497 16.769736 16.941279
17.978497 16.769736 16.941279 16.187487 15.641750
16.941279 16.187487 15.641750 16.560391 15.480266
15.641750 16.560391 15.480266 15.502735 15.307460
15.480266 15.502735 15.307460 15.356080 15.248030
15.307460 15.356080 15.248030 15.388056 14.985866
15.248030 15.388056 14.985866 14.008845 14.412170
14.985866 14.008845 14.412170 14.298169 14.501443
14.412170 14.298169 14.501443 14.622879 14.123485
14.501443 14.622879 14.123485 13.094267 12.501841
14.123485 13.094267 12.501841 12.890029 12.261578
12.501841 12.890029 12.261578 13.012883 13.812676
12.261578 13.012883 13.812676 12.826822 12.455075
13.812676 12.826822 12.455075 12.917898 14.007106
12.455075 12.917898 14.007106 14.107412 14.561736
14.007106 14.107412 14.561736 15.373771 14.414300
14.561736 15.373771 14.414300 14.404384 15.167044
14.414300 14.404384 15.167044 15.184955 14.689181
15.167044 15.184955 14.689181 14.916618 16.071731
14.689181 14.916618 16.071731 14.682926 16.062136
16.071731 14.682926 16.062136 16.851082 16.743584
16.062136 16.851082 16.743584 17.298409 17.001209
16.743584 17.298409 17.001209 17.156753 18.100453
17.001209 17.156753 18.100453 19.082470 17.885550
18.100453 19.082470 17.885550 19.872992 20.571787
17.885550 19.872992 20.571787 17.041888 18.761085
20.571787 17.041888 18.761085 18.379924 17.611929
18.761085 18.379924 17.611929 16.171960 15.516151
17.611929 16.171960 15.516151 17.017208 16.611682
15.516151 17.017208 16.611682 21.794915 18.652536
16.611682 21.794915 18.652536 17.720708 18.502888
18.652536 17.720708 18.502888 19.408732 18.401734
18.502888 19.408732 18.401734 20.959111 20.059616
18.401734 20.959111 20.059616 20.834218 21.400189
20.059616 20.834218 21.400189 18.718345 19.193252
21.400189 18.718345 19.193252 21.518397 20.032625
19.193252 21.518397 20.032625 21.908546 22.148725
20.032625 21.908546 22.148725 21.546950 22.629349
22.148725 21.546950 22.629349 21.049431 20.585347
22.629349 21.049431 20.585347 20.117493 22.218334
20.585347 20.117493 22.218334 21.154116 23.780207
22.218334 21.154116 23.780207 20.231696 20.994365
23.780207 20.231696 20.994365 20.524568 19.662057
20.994365 20.524568 19.662057 18.921441 19.081466
19.662057 18.921441 19.081466 21.221235 20.084750
19.081466 21.221235 20.084750 19.827034 20.542076
20.084750 19.827034 20.542076 20.238327 19.829610
20.542076 20.238327 19.829610 20.079789 22.457035
19.829610 20.079789 22.457035 21.304586 20.852979
22.457035 21.304586 20.852979 21.202145 20.084819
20.852979 21.202145 20.084819 20.427593 20.119832
20.084819 20.427593 20.119832 21.307213 21.133193
20.119832 21.307213 21.133193 21.138830 21.782584
21.133193 21.138830 21.782584 22.162726 23.238830
21.782584 22.162726 23.238830 25.102176 25.123926
23.238830 25.102176 25.123926 24.691904 22.718926
25.123926 24.691904 22.718926 22.877228 23.150835
22.718926 22.877228 23.150835 24.278254 23.825428
23.150835 24.278254 23.825428 22.243591 31.796366
23.825428 22.243591 31.796366 36.520422 36.157972
31.796366 36.520422 36.157972 36.797529 36.758226
36.157972 36.797529 36.758226 37.932833 41.080946
36.758226 37.932833 41.080946 37.842507 34.865735
41.080946 37.842507 34.865735 36.517902 37.340857
34.865735 36.517902 37.340857 36.349269 35.350563
37.340857 36.349269 35.350563 35.395058 36.208176
35.350563 35.395058 36.208176 34.496404 34.414817
36.208176 34.496404 34.414817 33.732405 31.748004
34.414817 33.732405 31.748004 30.695268 31.920880
31.748004 30.695268 31.920880 33.122138 32.965072
31.920880 33.122138 32.965072 32.667257 31.625350
32.965072 32.667257 31.625350 30.847946 30.955714
31.625350 30.847946 30.955714 28.096416 26.910988
30.955714 28.096416 26.910988 25.484767 24.078608
26.910988 25.484767 24.078608 23.735442 23.072682
24.078608 23.735442 23.072682 20.482654 19.689433
23.072682 20.482654 19.689433 17.007556 14.783714
19.689433 17.007556 14.783714 15.508730 17.439108
14.783714 15.508730 17.439108 17.785012 17.509302
17.439108 17.785012 17.509302 18.012577 18.665260
17.509302 18.012577 18.665260 18.830078 17.066895
18.665260 18.830078 17.066895 18.330477 18.655786
17.066895 18.330477 18.655786 19.064634 18.478369
18.655786 19.064634 18.478369 18.489175 19.902105
18.478369 18.489175 19.902105 19.457700 20.267654
19.902105 19.457700 20.267654 19.094132 17.889873
20.267654 19.094132 17.889873 16.429525 19.957208
17.889873 16.429525 19.957208 20.716754 21.402812
19.957208 20.716754 21.402812 22.583733 23.028048
21.402812 22.583733 23.028048 24.235116 25.273605
23.028048 24.235116 25.273605 27.048143 28.191658
25.273605 27.048143 28.191658 28.686866 28.614779
28.191658 28.686866 28.614779 30.093608 30.728390
28.614779 30.093608 30.728390 34.583819 41.365588
30.728390 34.583819 41.365588 45.943768 52.824733
41.365588 45.943768 52.824733 52.888172 53.031568
52.824733 52.888172 53.031568 54.645579 56.425067
53.031568 54.645579 56.425067 59.324632 61.558085
56.425067 59.324632 61.558085 60.809749 63.437912
61.558085 60.809749 63.437912 65.157918 63.825956
63.437912 65.157918 63.825956 63.745447 62.338731
63.825956 63.745447 62.338731 61.970308 61.817308
62.338731 61.970308 61.817308 64.579147 64.639769
61.817308 64.579147 64.639769 63.513654 62.103233
64.639769 63.513654 62.103233 62.521372 63.376068
62.103233 62.521372 63.376068 61.647570 63.026408
63.376068 61.647570 63.026408 63.428033 60.444176
63.026408 63.428033 60.444176 61.851117 63.082705
60.444176 61.851117 63.082705 60.807636 59.427801
63.082705 60.807636 59.427801 58.745828 59.294905
59.427801 58.745828 59.294905 59.770215 57.318375
59.294905 59.770215 57.318375 55.387983 56.085412
57.318375 55.387983 56.085412 56.647572 56.209915
56.085412 56.647572 56.209915 54.287265 55.011478
56.209915 54.287265 55.011478 53.850528 53.261491
55.011478 53.850528 53.261491 52.013569 50.789708
53.261491 52.013569 50.789708 50.927153 50.236781
50.789708 50.927153 50.236781 50.384452 50.668217
50.236781 50.384452 50.668217 50.555269 48.349711
50.668217 50.555269 48.349711 48.294884 47.521805
48.349711 48.294884 47.521805 45.922223 45.415775
47.521805 45.922223 45.415775 43.768652 42.090085
45.415775 43.768652 42.090085 40.114959 39.246213
42.090085 40.114959 39.246213 40.826298 39.609630
39.246213 40.826298 39.609630 37.610468 36.917994
39.609630 37.610468 36.917994 34.960593 34.320264
36.917994 34.960593 34.320264 33.665046 31.270263
34.320264 33.665046 31.270263 30.723750 30.501483
31.270263 30.723750 30.501483 29.809405 28.763623
30.501483 29.809405 28.763623 28.463995 28.653836
28.763623 28.463995 28.653836 27.788018 26.645052
28.653836 27.788018 26.645052 25.222962 25.541355
26.645052 25.222962 25.541355 24.504439 23.799115
25.541355 24.504439 23.799115 23.185705 23.444639
23.799115 23.185705 23.444639 23.158018 23.383167
23.444639 23.158018 23.383167 23.291268 22.477182
23.383167 23.291268 22.477182 20.977131 20.988376
22.477182 20.977131 20.988376 20.813286 21.224705
20.988376 20.813286 21.224705 22.078547 21.921579
21.224705 22.078547 21.921579 21.418133 21.542658
21.921579 21.418133 21.542658 21.784230 20.653695
21.542658 21.784230 20.653695 20.192284 20.209029
20.653695 20.192284 20.209029 21.193429 21.233585
20.209029 21.193429 21.233585 20.479031 21.254290
21.233585 20.479031 21.254290 21.659482 20.728300
21.254290 21.659482 20.728300 20.776950 20.134652
20.728300 20.776950 20.134652 19.989806 18.359966
20.134652 19.989806 18.359966 18.804967 17.714401
18.359966 18.804967 17.714401 17.743910 16.519661
17.714401 17.743910 16.519661 16.482372 15.550527
16.519661 16.482372 15.550527 16.708314 16.406232
15.550527 16.708314 16.406232 17.039531 16.309002
16.406232 17.039531 16.309002 15.471500 16.560837
16.309002 15.471500 16.560837 16.232642 15.494757
16.560837 16.232642 15.494757 13.644386 14.654391
15.494757 13.644386 14.654391 14.188535 13.874463
14.654391 14.188535 13.874463 14.570889 15.091917
13.874463 14.570889 15.091917 14.461019 15.021115
15.091917 14.461019 15.021115 14.031771 13.373168
15.021115 14.031771 13.373168 13.646553 15.421598
13.373168 13.646553 15.421598 14.701215 14.985009
15.421598 14.701215 14.985009 15.065211 14.722209
14.985009 15.065211 14.722209 15.881547 17.021325
14.722209 15.881547 17.021325 18.636827 17.798214
17.021325 18.636827 17.798214 18.143996 18.380328
17.798214 18.143996 18.380328 18.025366 19.712178
18.380328 18.025366 19.712178 20.449535 19.825245
19.712178 20.449535 19.825245 19.707382 19.572602
19.825245 19.707382 19.572602 19.067046 21.489126
19.572602 19.067046 21.489126 20.791171 20.255274
21.489126 20.791171 20.255274 22.091945 16.844023
20.255274 22.091945 16.844023 17.734537 20.560972
16.844023 17.734537 20.560972 17.624814 18.601851
20.560972 17.624814 18.601851 17.059810 19.629913
18.601851 17.059810 19.629913 19.114812 19.521389
19.629913 19.114812 19.521389 19.233481 18.801330
19.521389 19.233481 18.801330 18.727187 18.203760
18.801330 18.727187 18.203760 17.230904 17.045894
18.203760 17.230904 17.045894 19.794911 20.253660
17.045894 19.794911 20.253660 19.206653 19.324661
20.253660 19.206653 19.324661 22.534373 21.712563
19.324661 22.534373 21.712563 20.076932 20.342796
21.712563 20.076932 20.342796 19.018978 20.650743
20.342796 19.018978 20.650743 23.020084 23.948380
20.650743 23.020084 23.948380 23.405505 25.167957
23.948380 23.405505 25.167957 25.493685 23.784086
25.167957 25.493685 23.784086 23.704061 21.581032
23.784086 23.704061 21.581032 21.224520 20.042896
21.581032 21.224520 20.042896 18.966438 22.939854
20.042896 18.966438 22.939854 22.346925 21.365603
22.939854 22.346925 21.365603 22.675869 22.756820
21.365603 22.675869 22.756820 22.244808 20.966916
22.756820 22.244808 20.966916 21.182861 21.951658
20.966916 21.182861 21.951658 22.817428 23.226521
21.951658 22.817428 23.226521 24.108806 26.768402
23.226521 24.108806 26.768402 23.256751 22.961391
26.768402 23.256751 22.961391 22.496625 22.871995
22.961391 22.496625 22.871995 22.672267 21.950071
22.871995 22.672267 21.950071 21.359170 22.576963
21.950071 21.359170 22.576963 22.788221 25.098250
22.576963 22.788221 25.098250 27.996643 27.719928
25.098250 27.996643 27.719928 27.348290 27.934992
27.719928 27.348290 27.934992 26.071479 29.086677
27.934992 26.071479 29.086677 26.790009 24.759061
29.086677 26.790009 24.759061 27.312820 26.768935
24.759061 27.312820 26.768935 26.746056 28.236731
26.768935 26.746056 28.236731 31.196563 30.495295
28.236731 31.196563 30.495295 28.260214 27.966287
30.495295 28.260214 27.966287 30.005570 28.427120
27.966287 30.005570 28.427120 28.047379 26.278344
28.427120 28.047379 26.278344 24.061888 23.278966
26.278344 24.061888 23.278966 24.000053 28.995897
23.278966 24.000053 28.995897 24.660281 23.934176
28.995897 24.660281 23.934176 24.178454 23.847209
23.934176 24.178454 23.847209 24.019856 23.331062
23.847209 24.019856 23.331062 22.624634 21.997718
23.331062 22.624634 21.997718 21.919922 24.233311
21.997718 21.919922 24.233311 23.893739 24.425623
24.233311 23.893739 24.425623 22.907689 21.293383
24.425623 22.907689 21.293383 19.728635 20.748132
21.293383 19.728635 20.748132 20.622073 20.952779
20.748132 20.622073 20.952779 22.976100 22.247895
20.952779 22.976100 22.247895 21.256963 21.112627
22.247895 21.256963 21.112627 20.203581 19.181909
21.112627 20.203581 19.181909 18.799082 18.312532
19.181909 18.799082 18.312532 18.156885 19.890422
18.312532 18.156885 19.890422 19.943594 21.996870
19.890422 19.943594 21.996870 21.540740 21.777153
21.996870 21.540740 21.777153 20.879112 20.379701
21.777153 20.879112 20.379701 20.134762 22.197710
20.379701 20.134762 22.197710 23.104942 26.308696
22.197710 23.104942 26.308696 28.668738 28.767998
26.308696 28.668738 28.767998 30.220553 30.759951
28.767998 30.220553 30.759951 30.401718 29.310980
30.759951 30.401718 29.310980 27.334990 29.804261
29.310980 27.334990 29.804261 31.059189 35.624498
29.804261 31.059189 35.624498 33.892937 35.759152
35.624498 33.892937 35.759152 38.413274 42.866730
35.759152 38.413274 42.866730 44.859749 47.380662
42.866730 44.859749 47.380662 52.221456 51.380448
47.380662 52.221456 51.380448 56.398652 59.055358
51.380448 56.398652 59.055358 62.124754 64.686369
59.055358 62.124754 64.686369 60.804883 64.121026
64.686369 60.804883 64.121026 60.794287 60.177778
64.121026 60.794287 60.177778 59.812755 61.530885
60.177778 59.812755 61.530885 59.347609 60.717507
61.530885 59.347609 60.717507 60.650011 56.667283
60.717507 60.650011 56.667283 57.929676 59.834336
56.667283 57.929676 59.834336 61.962281 60.396115
59.834336 61.962281 60.396115 61.872577 60.127185
60.396115 61.872577 60.127185 60.745250 61.287324
60.127185 60.745250 61.287324 60.983007 59.343322
61.287324 60.983007 59.343322 59.135386 60.584926
59.343322 59.135386 60.584926 60.489418 58.662411
60.584926 60.489418 58.662411 59.912137 59.167174
58.662411 59.912137 59.167174 58.686160 59.940696
59.167174 58.686160 59.940696 61.858358 62.990683
59.940696 61.858358 62.990683 62.419112 62.291831
62.990683 62.419112 62.291831 61.418088 63.214751
62.291831 61.418088 63.214751 62.973697 61.135069
63.214751 62.973697 61.135069 60.228640 60.349629
61.135069 60.228640 60.349629 58.967913 58.442517
60.349629 58.967913 58.442517 57.598242 56.593436
58.442517 57.598242 56.593436 54.788837 54.547278
56.593436 54.788837 54.547278 51.823048 51.701264
54.547278 51.823048 51.701264 50.164150 47.386338
51.701264 50.164150 47.386338 45.491485 43.476890
47.386338 45.491485 43.476890 40.811879 42.027092
43.476890 40.811879 42.027092 40.682973 39.998624
42.027092 40.682973 39.998624 38.926620 38.717424
39.998624 38.926620 38.717424 36.904651 35.100188
38.717424 36.904651 35.100188 34.245336 34.238988
35.100188 34.245336 34.238988 34.157845 33.575223
34.238988 34.157845 33.575223 31.927659 32.155910
33.575223 31.927659 32.155910 32.602550 32.094307
32.155910 32.602550 32.094307 31.175758 30.319856
32.094307 31.175758 30.319856 28.065861 26.840751
30.319856 28.065861 26.840751 27.378821 28.049936
26.840751 27.378821 28.049936 28.295361 27.853522
28.049936 28.295361 27.853522 27.967758 27.019131
27.853522 27.967758 27.019131 26.378256 25.796235
27.019131 26.378256 25.796235 24.362347 22.183465
25.796235 24.362347 22.183465 23.211056 23.595814
22.183465 23.211056 23.595814 22.042866 21.839315
23.595814 22.042866 21.839315 22.090083 22.108214
21.839315 22.090083 22.108214 22.710136 21.230321
22.108214 22.710136 21.230321 19.995193 19.500957
21.230321 19.995193 19.500957 19.158855 18.785547
19.500957 19.158855 18.785547 19.126642 19.487883
18.785547 19.126642 19.487883 19.655911 18.589491
19.487883 19.655911 18.589491 18.163213 17.240166
18.589491 18.163213 17.240166 17.208772 17.029097
17.240166 17.208772 17.029097 17.336591 17.324588
17.029097 17.336591 17.324588 16.744667 15.249416
17.324588 16.744667 15.249416 16.299336 16.029451
15.249416 16.299336 16.029451 15.716962 14.545228
16.029451 15.716962 14.545228 13.671028 13.805819
14.545228 13.671028 13.805819 13.661864 14.225817
13.805819 13.661864 14.225817 14.993839 15.053765
14.225817 14.993839 15.053765 15.954807 14.860570
15.053765 15.954807 14.860570 13.981872 13.595730
14.860570 13.981872 13.595730 13.627506 13.970818
13.595730 13.627506 13.970818 13.984091 14.028379
13.970818 13.984091 14.028379 13.282196 13.347576
14.028379 13.282196 13.347576 13.171725 14.546403
13.347576 13.171725 14.546403 14.561181 14.517043
14.546403 14.561181 14.517043 14.609421 14.758928
14.517043 14.609421 14.758928 15.121561 15.257821
14.758928 15.121561 15.257821 14.932115 13.946548
15.257821 14.932115 13.946548 15.937551 16.939212
13.946548 15.937551 16.939212 17.420328 16.951432
16.939212 17.420328 16.951432 17.664220 15.658590
16.951432 17.664220 15.658590 18.169917 17.098546
15.658590 18.169917 17.098546 17.715228 18.760793
17.098546 17.715228 18.760793 18.580248 16.140681
18.760793 18.580248 16.140681 15.780290 15.847826
16.140681 15.780290 15.847826 17.194930 17.400610
15.847826 17.194930 17.400610 17.704161 16.918030
17.400610 17.704161 16.918030 16.157481 14.505132
16.918030 16.157481 14.505132 15.853572 15.128797
14.505132 15.853572 15.128797 14.686612 13.992786
15.128797 14.686612 13.992786 15.772203 17.467679
13.992786 15.772203 17.467679 17.868744 19.697220
17.467679 17.868744 19.697220 18.326602 17.088599
19.697220 18.326602 17.088599 17.060448 16.209998
17.088599 17.060448 16.209998 17.331720 18.682784
16.209998 17.331720 18.682784 16.494654 18.355829
18.682784 16.494654 18.355829 17.715171 16.640034
18.355829 17.715171 16.640034 17.789644 22.210792
16.640034 17.789644 22.210792 17.903728 17.051998
22.210792 17.903728 17.051998 16.564859 16.545182
17.051998 16.564859 16.545182 17.395823 17.001307
16.545182 17.395823 17.001307 17.551085 16.501004
17.001307 17.551085 16.501004 17.034934 18.067998
16.501004 17.034934 18.067998 18.390422 18.676882
18.067998 18.390422 18.676882 22.300903 20.694435
18.676882 22.300903 20.694435 19.403816 19.276766
20.694435 19.403816 19.276766 19.596681 20.038664
19.276766 19.596681 20.038664 19.448482 17.484702
20.038664 19.448482 17.484702 16.628870 18.184820
17.484702 16.628870 18.184820 21.116078 20.833154
18.184820 21.116078 20.833154 21.366198 22.048292
20.833154 21.366198 22.048292 23.165116 23.174149
22.048292 23.165116 23.174149 21.850026 22.978889
23.174149 21.850026 22.978889 19.786828 22.747953
22.978889 19.786828 22.747953 20.833932 21.443759
22.747953 20.833932 21.443759 23.630993 29.000188
21.443759 23.630993 29.000188 26.530134 26.308579
29.000188 26.530134 26.308579 25.379960 30.237907
26.308579 25.379960 30.237907 30.178913 29.384801
30.237907 30.178913 29.384801 29.378485 28.501293
29.384801 29.378485 28.501293 24.914028 27.051572
28.501293 24.914028 27.051572 28.792993 27.157691
27.051572 28.792993 27.157691 25.033418 23.446841
27.157691 25.033418 23.446841 23.431232 23.358601
23.446841 23.431232 23.358601 24.598845 25.076981
23.358601 24.598845 25.076981 23.157487 21.603263
25.076981 23.157487 21.603263 21.558878 20.387314
21.603263 21.558878 20.387314 20.415648 21.488354
20.387314 20.415648 21.488354 21.540657 21.165269
21.488354 21.540657 21.165269 20.697468 20.532707
21.165269 20.697468 20.532707 21.213625 23.337894
20.532707 21.213625 23.337894 22.902331 19.989385
23.337894 22.902331 19.989385 18.306720 19.005584
19.989385 18.306720 19.005584 18.793369 18.780880
19.005584 18.793369 18.780880 20.870062 20.957667
18.780880 20.870062 20.957667 21.716167 21.654016
20.957667 21.716167 21.654016 21.435452 21.028848
21.654016 21.435452 21.028848 21.030493 20.161692
21.028848 21.030493 20.161692 19.656239 20.065959
