17.132137 17.425112 21.607169 17.365019 24.632754
21.607169 17.365019 24.632754 18.043051 21.597540
24.632754 18.043051 21.597540 17.255781 18.668157
21.597540 17.255781 18.668157 17.568270 21.163116
18.668157 17.568270 21.163116 19.151768 17.880942
21.163116 19.151768 17.880942 23.783979 20.133485
17.880942 23.783979 20.133485 22.924490 21.820289
20.133485 22.924490 21.820289 22.188759 22.069811
21.820289 22.188759 22.069811 24.027017 24.907479
22.069811 24.027017 24.907479 23.680950 23.778989
24.907479 23.680950 23.778989 24.162023 26.050291
23.778989 24.162023 26.050291 27.668351 31.794717
26.050291 27.668351 31.794717 31.106399 34.927044
31.794717 31.106399 34.927044 32.312848 35.470608
34.927044 32.312848 35.470608 30.078202 29.387136
35.470608 30.078202 29.387136 33.613643 35.033935
29.387136 33.613643 35.033935 30.571795 34.163688
35.033935 30.571795 34.163688 32.437437 31.527744
34.163688 32.437437 31.527744 35.201094 31.074071
31.527744 35.201094 31.074071 36.589075 28.355306
31.074071 36.589075 28.355306 28.995539 30.856407
28.355306 28.995539 30.856407 33.809518 30.981211
30.856407 33.809518 30.981211 31.138341 30.499374
30.981211 31.138341 30.499374 28.068796 26.687035
30.499374 28.068796 26.687035 31.630084 28.610139
26.687035 31.630084 28.610139 29.538785 26.495654
28.610139 29.538785 26.495654 29.198377 29.706855
26.495654 29.198377 29.706855 27.919681 29.849625
29.706855 27.919681 29.849625 33.011521 29.932740
29.849625 33.011521 29.932740 29.728788 31.309212
29.932740 29.728788 31.309212 31.166548 30.629341
31.309212 31.166548 30.629341 29.584448 25.786257
30.629341 29.584448 25.786257 29.663896 26.182159
25.786257 29.663896 26.182159 25.833072 26.788323
26.182159 25.833072 26.788323 25.947845 28.063552
26.788323 25.947845 28.063552 25.025901 26.129321
28.063552 25.025901 26.129321 26.452518 27.626964
26.129321 26.452518 27.626964 26.889080 25.494445
27.626964 26.889080 25.494445 26.167380 26.982923
25.494445 26.167380 26.982923 26.023626 26.290180
26.982923 26.023626 26.290180 26.326201 25.883358
26.290180 26.326201 25.883358 26.410314 23.830234
25.883358 26.410314 23.830234 26.214134 25.739128
23.830234 26.214134 25.739128 26.639056 25.810453
25.739128 26.639056 25.810453 25.997034 26.141053
25.810453 25.997034 26.141053 24.151103 24.214015
26.141053 24.151103 24.214015 25.497156 25.899636
24.214015 25.497156 25.899636 25.468820 26.578101
25.899636 25.468820 26.578101 25.805484 25.537473
26.578101 25.805484 25.537473 24.534900 24.438078
25.537473 24.534900 24.438078 23.347592 24.496793
24.438078 23.347592 24.496793 23.574379 23.392543
24.496793 23.574379 23.392543 24.296743 23.089097
23.392543 24.296743 23.089097 22.750482 23.423175
23.089097 22.750482 23.423175 21.681826 20.960520
23.423175 21.681826 20.960520 20.151618 20.383876
20.960520 20.151618 20.383876 21.007724 21.173041
20.383876 21.007724 21.173041 20.911534 21.679946
21.173041 20.911534 21.679946 20.453516 20.861836
21.679946 20.453516 20.861836 20.693372 20.273127
20.861836 20.693372 20.273127 21.308544 19.859172
20.273127 21.308544 19.859172 19.869661 19.192633
19.859172 19.869661 19.192633 18.786171 16.876982
19.192633 18.786171 16.876982 17.160394 17.559103
16.876982 17.160394 17.559103 19.094307 20.699902
17.559103 19.094307 20.699902 21.409171 20.225674
20.699902 21.409171 20.225674 19.374026 18.319131
20.225674 19.374026 18.319131 17.656327 17.548724
18.319131 17.656327 17.548724 17.741031 17.014064
17.548724 17.741031 17.014064 18.029134 18.446966
17.014064 18.029134 18.446966 18.450056 17.106907
18.446966 18.450056 17.106907 17.476249 18.526722
17.106907 17.476249 18.526722 18.213902 18.697408
18.526722 18.213902 18.697408 19.123801 18.959715
18.697408 19.123801 18.959715 20.053760 18.760290
18.959715 20.053760 18.760290 18.149320 19.325859
18.760290 18.149320 19.325859 18.303934 18.603927
19.325859 18.303934 18.603927 19.619071 20.110132
18.603927 19.619071 20.110132 21.473776 20.493640
20.110132 21.473776 20.493640 17.508571 18.628390
20.493640 17.508571 18.628390 18.466337 20.166813
18.628390 18.466337 20.166813 21.492907 24.287571
20.166813 21.492907 24.287571 21.504643 24.875285
24.287571 21.504643 24.875285 23.685221 21.208172
24.875285 23.685221 21.208172 21.251403 20.811667
21.208172 21.251403 20.811667 21.442429 23.812328
20.811667 21.442429 23.812328 21.336309 18.243827
23.812328 21.336309 18.243827 20.713630 24.989058
18.243827 20.713630 24.989058 19.812422 22.880593
24.989058 19.812422 22.880593 22.083015 19.806136
22.880593 22.083015 19.806136 18.774777 24.508556
19.806136 18.774777 24.508556 18.801321 20.384940
24.508556 18.801321 20.384940 20.966468 19.450774
20.384940 20.966468 19.450774 23.480513 22.907429
19.450774 23.480513 22.907429 18.769882 19.457818
22.907429 18.769882 19.457818 18.981588 17.837490
19.457818 18.981588 17.837490 16.598488 16.393043
17.837490 16.598488 16.393043 18.219519 16.804754
16.393043 18.219519 16.804754 15.322494 16.824612
16.804754 15.322494 16.824612 13.561491 15.703266
16.824612 13.561491 15.703266 15.690455 17.832282
15.703266 15.690455 17.832282 20.349520 19.236382
17.832282 20.349520 19.236382 18.284371 17.594621
19.236382 18.284371 17.594621 19.149535 19.643203
17.594621 19.149535 19.643203 16.467605 13.687952
19.643203 16.467605 13.687952 15.534637 19.932880
13.687952 15.534637 19.932880 20.205314 17.079224
19.932880 20.205314 17.079224 18.484181 20.386176
17.079224 18.484181 20.386176 16.403535 17.264034
20.386176 16.403535 17.264034 15.050189 15.099119
17.264034 15.050189 15.099119 13.964654 15.918035
15.099119 13.964654 15.918035 18.205764 17.136735
15.918035 18.205764 17.136735 20.532564 16.677481
17.136735 20.532564 16.677481 17.145499 15.644909
16.677481 17.145499 15.644909 15.146380 11.888537
15.644909 15.146380 11.888537 14.791632 17.069878
11.888537 14.791632 17.069878 16.538038 13.448911
17.069878 16.538038 13.448911 20.403555 21.931558
13.448911 20.403555 21.931558 21.339365 19.796031
21.931558 21.339365 19.796031 18.589576 20.376149
19.796031 18.589576 20.376149 20.418797 19.480422
20.376149 20.418797 19.480422 17.808714 18.260403
19.480422 17.808714 18.260403 17.242539 18.554744
18.260403 17.242539 18.554744 18.015481 19.265155
18.554744 18.015481 19.265155 18.326928 18.580692
19.265155 18.326928 18.580692 19.764859 18.224799
18.580692 19.764859 18.224799 19.368744 17.033475
18.224799 19.368744 17.033475 16.439044 18.137896
17.033475 16.439044 18.137896 14.043860 13.901510
18.137896 14.043860 13.901510 17.425209 18.896364
13.901510 17.425209 18.896364 19.756651 18.304430
18.896364 19.756651 18.304430 18.149924 16.944533
18.304430 18.149924 16.944533 18.221247 22.882520
16.944533 18.221247 22.882520 18.852133 18.202934
22.882520 18.852133 18.202934 19.810725 20.071530
18.202934 19.810725 20.071530 20.347361 18.989365
20.071530 20.347361 18.989365 17.162161 19.124389
18.989365 17.162161 19.124389 16.532298 18.319352
19.124389 16.532298 18.319352 21.263288 19.112208
18.319352 21.263288 19.112208 20.154410 21.422525
19.112208 20.154410 21.422525 21.715978 16.022328
21.422525 21.715978 16.022328 16.785984 18.958468
16.022328 16.785984 18.958468 22.610216 18.716152
18.958468 22.610216 18.716152 22.025756 24.809396
18.716152 22.025756 24.809396 22.676376 17.693420
24.809396 22.676376 17.693420 21.607324 17.325024
17.693420 21.607324 17.325024 22.459208 18.905781
17.325024 22.459208 18.905781 20.234745 20.933860
18.905781 20.234745 20.933860 22.684552 19.716506
20.933860 22.684552 19.716506 17.974327 19.058118
19.716506 17.974327 19.058118 22.215500 22.157229
19.058118 22.215500 22.157229 23.627600 20.737746
22.157229 23.627600 20.737746 23.477380 20.760319
20.737746 23.477380 20.760319 24.059216 23.123720
20.760319 24.059216 23.123720 25.048594 24.044617
23.123720 25.048594 24.044617 25.365733 29.128980
24.044617 25.365733 29.128980 28.009624 29.186315
29.128980 28.009624 29.186315 30.070170 28.982116
29.186315 30.070170 28.982116 25.330190 25.249012
28.982116 25.330190 25.249012 24.998988 26.721317
25.249012 24.998988 26.721317 27.942992 23.613307
26.721317 27.942992 23.613307 29.060800 25.517794
23.613307 29.060800 25.517794 25.880629 26.253226
25.517794 25.880629 26.253226 26.893333 27.521775
26.253226 26.893333 27.521775 29.677085 29.613074
27.521775 29.677085 29.613074 28.996193 29.319054
29.613074 28.996193 29.319054 27.554083 24.084304
29.319054 27.554083 24.084304 25.038015 28.455004
24.084304 25.038015 28.455004 28.850247 26.397727
28.455004 28.850247 26.397727 26.711861 25.586247
26.397727 26.711861 25.586247 28.968708 28.087703
25.586247 28.968708 28.087703 29.885541 28.460223
28.087703 29.885541 28.460223 31.724010 29.566417
28.460223 31.724010 29.566417 30.470233 29.279171
29.566417 30.470233 29.279171 30.302496 26.787985
29.279171 30.302496 26.787985 31.304699 27.630782
26.787985 31.304699 27.630782 30.341554 29.369011
27.630782 30.341554 29.369011 27.185230 27.058068
29.369011 27.185230 27.058068 27.877731 29.366712
27.058068 27.877731 29.366712 28.806571 29.604572
29.366712 28.806571 29.604572 25.447181 22.948734
29.604572 25.447181 22.948734 23.995924 23.174041
22.948734 23.995924 23.174041 22.062984 21.759584
23.174041 22.062984 21.759584 21.292589 21.063295
21.759584 21.292589 21.063295 20.866626 18.966442
21.063295 20.866626 18.966442 19.507534 21.789218
18.966442 19.507534 21.789218 21.181052 20.026416
21.789218 21.181052 20.026416 20.343170 20.701497
20.026416 20.343170 20.701497 19.588578 19.886288
20.701497 19.588578 19.886288 21.431293 20.062593
19.886288 21.431293 20.062593 20.093577 21.383573
20.062593 20.093577 21.383573 20.337439 21.626245
21.383573 20.337439 21.626245 19.757880 20.445555
21.626245 19.757880 20.445555 20.131431 20.240702
20.445555 20.131431 20.240702 20.786387 22.749074
20.240702 20.786387 22.749074 22.030434 20.116811
22.749074 22.030434 20.116811 19.415695 18.658495
20.116811 19.415695 18.658495 18.838530 19.296628
18.658495 18.838530 19.296628 19.269573 20.872645
19.296628 19.269573 20.872645 19.913282 19.569538
20.872645 19.913282 19.569538 19.728590 19.927827
19.569538 19.728590 19.927827 20.653701 21.180285
19.927827 20.653701 21.180285 21.568466 20.443954
21.180285 21.568466 20.443954 20.528855 19.830164
20.443954 20.528855 19.830164 19.371926 19.528192
19.830164 19.371926 19.528192 20.316900 21.051904
19.528192 20.316900 21.051904 21.375565 19.987112
21.051904 21.375565 19.987112 19.436211 19.644081
19.987112 19.436211 19.644081 18.531267 18.253306
19.644081 18.531267 18.253306 18.266653 18.119759
18.253306 18.266653 18.119759 19.031987 19.827167
18.119759 19.031987 19.827167 20.176177 21.087354
19.827167 20.176177 21.087354 21.325439 20.791550
21.087354 21.325439 20.791550 20.253212 19.863381
20.791550 20.253212 19.863381 20.423892 20.575108
19.863381 20.423892 20.575108 20.761942 20.523157
20.575108 20.761942 20.523157 19.967140 20.009986
20.523157 19.967140 20.009986 20.269044 20.356376
20.009986 20.269044 20.356376 21.087218 20.234185
20.356376 21.087218 20.234185 20.340457 22.026948
20.234185 20.340457 22.026948 21.654331 22.378329
22.026948 21.654331 22.378329 19.872389 19.056851
22.378329 19.872389 19.056851 17.868687 19.037985
19.056851 17.868687 19.037985 19.856341 21.360985
19.037985 19.856341 21.360985 22.254980 21.479217
21.360985 22.254980 21.479217 21.793460 21.838905
21.479217 21.793460 21.838905 19.232919 21.411673
21.838905 19.232919 21.411673 22.646022 20.708575
21.411673 22.646022 20.708575 20.934682 19.801385
20.708575 20.934682 19.801385 23.344047 22.454549
19.801385 23.344047 22.454549 22.193877 21.150670
22.454549 22.193877 21.150670 19.416707 22.577482
21.150670 19.416707 22.577482 23.499371 16.208239
22.577482 23.499371 16.208239 19.948666 18.353376
16.208239 19.948666 18.353376 19.101185 19.897329
18.353376 19.101185 19.897329 19.534043 20.664510
19.897329 19.534043 20.664510 18.697989 16.641390
20.664510 18.697989 16.641390 19.917723 16.247956
16.641390 19.917723 16.247956 18.217669 17.313333
16.247956 18.217669 17.313333 17.080860 19.640952
17.313333 17.080860 19.640952 16.091600 17.955585
19.640952 16.091600 17.955585 16.728594 15.995111
17.955585 16.728594 15.995111 16.531343 17.635249
15.995111 16.531343 17.635249 19.596934 19.205583
17.635249 19.596934 19.205583 21.492208 18.634030
19.205583 21.492208 18.634030 16.617698 19.586205
18.634030 16.617698 19.586205 19.699475 17.520143
19.586205 19.699475 17.520143 17.651923 16.908084
17.520143 17.651923 16.908084 15.513698 17.253084
16.908084 15.513698 17.253084 15.992660 15.232207
17.253084 15.992660 15.232207 17.748377 19.267592
15.232207 17.748377 19.267592 21.958543 16.473500
19.267592 21.958543 16.473500 17.514420 16.376963
16.473500 17.514420 16.376963 13.354475 15.824018
16.376963 13.354475 15.824018 19.134836 16.265087
15.824018 19.134836 16.265087 19.912028 18.949140
16.265087 19.912028 18.949140 20.183952 16.985375
18.949140 20.183952 16.985375 18.236163 15.753998
16.985375 18.236163 15.753998 15.425663 15.941646
15.753998 15.425663 15.941646 16.472386 16.247844
15.941646 16.472386 16.247844 17.166629 18.714483
16.247844 17.166629 18.714483 17.353916 17.360426
18.714483 17.353916 17.360426 19.415674 15.529127
17.360426 19.415674 15.529127 15.331996 15.105560
15.529127 15.331996 15.105560 16.195532 15.783473
15.105560 16.195532 15.783473 16.106093 15.952696
15.783473 16.106093 15.952696 16.249262 16.945140
15.952696 16.249262 16.945140 15.131510 18.226364
16.945140 15.131510 18.226364 15.436055 14.970033
18.226364 15.436055 14.970033 17.232807 15.802608
14.970033 17.232807 15.802608 18.633035 17.093347
15.802608 18.633035 17.093347 18.065353 20.872604
17.093347 18.065353 20.872604 19.596908 19.612629
20.872604 19.596908 19.612629 18.726112 19.350772
19.612629 18.726112 19.350772 18.970297 20.159487
19.350772 18.970297 20.159487 19.738386 19.899747
20.159487 19.738386 19.899747 19.380945 22.325312
19.899747 19.380945 22.325312 21.474425 19.026930
22.325312 21.474425 19.026930 20.030882 21.057531
19.026930 20.030882 21.057531 18.702272 17.330710
21.057531 18.702272 17.330710 18.582609 18.859332
17.330710 18.582609 18.859332 20.931588 21.182511
18.859332 20.931588 21.182511 15.959895 17.479379
21.182511 15.959895 17.479379 18.247594 14.713796
17.479379 18.247594 14.713796 16.660605 16.401203
14.713796 16.660605 16.401203 17.599664 15.516769
16.401203 17.599664 15.516769 16.193226 17.673907
15.516769 16.193226 17.673907 17.106087 14.192548
17.673907 17.106087 14.192548 16.234694 15.862845
14.192548 16.234694 15.862845 14.276740 15.225532
15.862845 14.276740 15.225532 14.514458 13.760306
15.225532 14.514458 13.760306 16.246928 17.796051
13.760306 16.246928 17.796051 16.648134 15.820148
17.796051 16.648134 15.820148 19.791251 19.713976
15.820148 19.791251 19.713976 16.973109 14.734449
19.713976 16.973109 14.734449 13.954660 13.898398
14.734449 13.954660 13.898398 18.372646 20.230427
13.898398 18.372646 20.230427 23.320516 25.047420
20.230427 23.320516 25.047420 26.609758 27.003294
25.047420 26.609758 27.003294 28.806485 27.099621
27.003294 28.806485 27.099621 30.739697 32.025076
27.099621 30.739697 32.025076 30.052635 30.471763
32.025076 30.052635 30.471763 29.494042 30.427817
30.471763 29.494042 30.427817 30.919899 29.036891
30.427817 30.919899 29.036891 28.213260 28.737857
29.036891 28.213260 28.737857 28.399235 30.060796
28.737857 28.399235 30.060796 27.411069 30.722988
30.060796 27.411069 30.722988 26.827962 27.141863
30.722988 26.827962 27.141863 28.196258 30.093121
27.141863 28.196258 30.093121 26.454483 26.226321
30.093121 26.454483 26.226321 25.849895 22.587784
26.226321 25.849895 22.587784 22.614297 26.998756
22.587784 22.614297 26.998756 25.907620 21.865276
26.998756 25.907620 21.865276 18.894581 21.055931
21.865276 18.894581 21.055931 20.238973 23.982867
21.055931 20.238973 23.982867 22.093676 21.635028
23.982867 22.093676 21.635028 22.232423 23.182862
21.635028 22.232423 23.182862 23.631570 21.661485
23.182862 23.631570 21.661485 22.612608 24.149611
21.661485 22.612608 24.149611 26.850841 23.851352
24.149611 26.850841 23.851352 25.531816 24.758979
23.851352 25.531816 24.758979 25.189310 27.201620
24.758979 25.189310 27.201620 23.671227 23.776527
27.201620 23.671227 23.776527 24.320741 25.223650
23.776527 24.320741 25.223650 25.197634 23.750300
25.223650 25.197634 23.750300 23.053083 23.026081
23.750300 23.053083 23.026081 21.883697 21.834652
23.026081 21.883697 21.834652 22.787402 21.810215
21.834652 22.787402 21.810215 22.008288 21.957074
21.810215 22.008288 21.957074 20.551544 19.772826
21.957074 20.551544 19.772826 19.458170 20.479019
19.772826 19.458170 20.479019 20.036383 20.025766
20.479019 20.036383 20.025766 19.280136 18.644960
20.025766 19.280136 18.644960 18.312690 18.908858
18.644960 18.312690 18.908858 20.041644 19.634180
18.908858 20.041644 19.634180 20.966656 20.928909
19.634180 20.966656 20.928909 19.479985 19.497225
20.928909 19.479985 19.497225 20.068749 19.801048
19.497225 20.068749 19.801048 18.954127 19.048502
19.801048 18.954127 19.048502 19.027888 18.483478
19.048502 19.027888 18.483478 18.310470 17.864836
18.483478 18.310470 17.864836 17.088472 18.294693
17.864836 17.088472 18.294693 18.146276 18.942897
18.294693 18.146276 18.942897 20.601690 19.792273
18.942897 20.601690 19.792273 19.550392 17.883476
19.792273 19.550392 17.883476 17.246388 16.790705
17.883476 17.246388 16.790705 16.882051 17.301695
16.790705 16.882051 17.301695 17.931045 17.226878
17.301695 17.931045 17.226878 17.228109 18.642665
17.226878 17.228109 18.642665 18.802279 17.868360
18.642665 18.802279 17.868360 17.026965 14.453677
17.868360 17.026965 14.453677 14.683662 15.608953
14.453677 14.683662 15.608953 16.502512 16.307676
15.608953 16.502512 16.307676 15.406231 14.465575
16.307676 15.406231 14.465575 14.811137 15.362601
14.465575 14.811137 15.362601 15.304838 15.332076
15.362601 15.304838 15.332076 15.439582 16.660662
15.332076 15.439582 16.660662 16.571579 18.646784
16.660662 16.571579 18.646784 18.807906 19.014390
18.646784 18.807906 19.014390 17.573386 17.036644
19.014390 17.573386 17.036644 17.649837 16.869820
17.036644 17.649837 16.869820 17.973808 18.271581
16.869820 17.973808 18.271581 18.697131 17.907209
18.271581 18.697131 17.907209 18.094584 19.536165
17.907209 18.094584 19.536165 18.792934 18.991232
19.536165 18.792934 18.991232 18.674829 16.804604
18.991232 18.674829 16.804604 18.243512 15.300597
16.804604 18.243512 15.300597 15.843691 15.092329
15.300597 15.843691 15.092329 16.696881 17.340560
15.092329 16.696881 17.340560 17.261022 18.027908
17.340560 17.261022 18.027908 21.146627 21.772503
18.027908 21.146627 21.772503 21.019027 20.201168
21.772503 21.019027 20.201168 22.237439 21.944001
20.201168 22.237439 21.944001 24.127577 22.766755
21.944001 24.127577 22.766755 24.639801 23.742904
22.766755 24.639801 23.742904 23.157686 23.300110
23.742904 23.157686 23.300110 21.961043 19.711297
23.300110 21.961043 19.711297 21.165379 20.532227
19.711297 21.165379 20.532227 23.320308 20.813381
20.532227 23.320308 20.813381 19.007493 21.449643
20.813381 19.007493 21.449643 17.063794 16.992832
21.449643 17.063794 16.992832 19.092050 18.617964
16.992832 19.092050 18.617964 21.370893 16.810703
18.617964 21.370893 16.810703 16.416340 15.268922
16.810703 16.416340 15.268922 20.781725 18.759533
15.268922 20.781725 18.759533 16.882558 19.681437
18.759533 16.882558 19.681437 22.947924 19.601240
19.681437 22.947924 19.601240 17.849966 16.216799
19.601240 17.849966 16.216799 19.684484 22.161371
16.216799 19.684484 22.161371 19.668761 16.617891
22.161371 19.668761 16.617891 19.137486 18.384057
16.617891 19.137486 18.384057 15.352486 16.715397
18.384057 15.352486 16.715397 15.511513 15.531391
16.715397 15.511513 15.531391 15.038194 16.118347
15.531391 15.038194 16.118347 17.213730 17.094915
16.118347 17.213730 17.094915 16.067930 13.622016
17.094915 16.067930 13.622016 16.024496 13.774192
13.622016 16.024496 13.774192 11.836817 12.739151
13.774192 11.836817 12.739151 12.993470 14.886254
12.739151 12.993470 14.886254 15.175144 19.137868
14.886254 15.175144 19.137868 15.050610 12.182091
19.137868 15.050610 12.182091 15.924715 16.141719
12.182091 15.924715 16.141719 16.189252 14.023828
16.141719 16.189252 14.023828 16.774997 15.118349
14.023828 16.774997 15.118349 14.256741 15.935646
15.118349 14.256741 15.935646 17.947717 14.033489
15.935646 17.947717 14.033489 13.222170 13.516287
14.033489 13.222170 13.516287 12.498863 13.297275
13.516287 12.498863 13.297275 13.367531 12.987076
13.297275 13.367531 12.987076 14.225210 13.739049
12.987076 14.225210 13.739049 10.904990 14.425553
13.739049 10.904990 14.425553 11.849295 14.804983
14.425553 11.849295 14.804983 12.720337 14.176930
14.804983 12.720337 14.176930 9.187363 14.730206
14.176930 9.187363 14.730206 13.555185 12.404027
14.730206 13.555185 12.404027 11.439269 11.664295
12.404027 11.439269 11.664295 8.767956 9.261245
11.664295 8.767956 9.261245 8.057767 11.604627
9.261245 8.057767 11.604627 11.563818 13.357404
11.604627 11.563818 13.357404 14.318061 15.072055
13.357404 14.318061 15.072055 13.178004 14.922489
15.072055 13.178004 14.922489 15.765558 16.051492
14.922489 15.765558 16.051492 17.345748 16.651747
16.051492 17.345748 16.651747 15.826320 14.703586
16.651747 15.826320 14.703586 16.629062 16.013560
14.703586 16.629062 16.013560 18.433156 16.757623
16.013560 18.433156 16.757623 17.954170 19.005405
16.757623 17.954170 19.005405 19.589028 20.144182
19.005405 19.589028 20.144182 19.374547 18.300313
20.144182 19.374547 18.300313 19.849695 17.095123
18.300313 19.849695 17.095123 21.038822 21.982059
17.095123 21.038822 21.982059 18.278041 17.675606
21.982059 18.278041 17.675606 15.004351 16.491847
17.675606 15.004351 16.491847 17.978256 20.964139
16.491847 17.978256 20.964139 21.667086 19.929763
20.964139 21.667086 19.929763 19.368682 18.610368
19.929763 19.368682 18.610368 15.876440 16.839376
18.610368 15.876440 16.839376 17.241993 16.582873
16.839376 17.241993 16.582873 15.136239 18.578017
16.582873 15.136239 18.578017 17.401770 18.313013
18.578017 17.401770 18.313013 19.863923 18.692556
18.313013 19.863923 18.692556 23.897041 25.674060
18.692556 23.897041 25.674060 32.331179 27.448510
25.674060 32.331179 27.448510 29.303633 36.473352
27.448510 29.303633 36.473352 33.800266 33.937655
36.473352 33.800266 33.937655 35.937125 31.376200
33.937655 35.937125 31.376200 31.909186 34.797179
31.376200 31.909186 34.797179 35.725106 33.227975
34.797179 35.725106 33.227975 30.503786 31.214788
33.227975 30.503786 31.214788 30.640032 29.390442
31.214788 30.640032 29.390442 31.770368 32.104061
29.390442 31.770368 32.104061 30.954933 32.488815
32.104061 30.954933 32.488815 31.883561 35.091152
32.488815 31.883561 35.091152 31.492584 31.455125
35.091152 31.492584 31.455125 32.801407 30.790144
31.455125 32.801407 30.790144 30.377185 32.065016
30.790144 30.377185 32.065016 29.681567 30.999134
32.065016 29.681567 30.999134 25.883754 26.577708
30.999134 25.883754 26.577708 26.280775 26.141816
26.577708 26.280775 26.141816 26.656382 26.826604
26.141816 26.656382 26.826604 30.136021 21.858963
26.826604 30.136021 21.858963 23.084559 22.694033
21.858963 23.084559 22.694033 24.299918 24.870271
22.694033 24.299918 24.870271 25.203350 26.209192
24.870271 25.203350 26.209192 24.376126 22.763011
26.209192 24.376126 22.763011 22.769146 20.489140
22.763011 22.769146 20.489140 23.124441 24.253246
20.489140 23.124441 24.253246 21.322577 21.723189
24.253246 21.322577 21.723189 21.805352 19.217596
21.723189 21.805352 19.217596 20.436296 19.296795
19.217596 20.436296 19.296795 19.872627 21.857680
19.296795 19.872627 21.857680 22.775548 19.570800
21.857680 22.775548 19.570800 23.137749 22.004670
19.570800 23.137749 22.004670 21.112172 21.246600
22.004670 21.112172 21.246600 21.434311 20.567803
21.246600 21.434311 20.567803 20.428091 20.255929
20.567803 20.428091 20.255929 19.211773 16.537166
20.255929 19.211773 16.537166 16.790027 18.610622
16.537166 16.790027 18.610622 19.073740 19.262812
18.610622 19.073740 19.262812 19.496088 18.958365
19.262812 19.496088 18.958365 20.633420 21.754014
18.958365 20.633420 21.754014 19.529422 18.966600
21.754014 19.529422 18.966600 17.994785 17.558004
18.966600 17.994785 17.558004 17.525218 16.338049
17.558004 17.525218 16.338049 16.413122 16.964464
16.338049 16.413122 16.964464 17.132081 16.884732
16.964464 17.132081 16.884732 17.478256 17.930005
16.884732 17.478256 17.930005 17.293267 17.989955
17.930005 17.293267 17.989955 17.359582 17.818974
17.989955 17.359582 17.818974 17.281499 16.954312
17.818974 17.281499 16.954312 17.490732 16.546948
16.954312 17.490732 16.546948 17.249411 17.540711
16.546948 17.249411 17.540711 17.405256 16.686269
17.540711 17.405256 16.686269 17.334482 17.987988
16.686269 17.334482 17.987988 18.100030 16.424521
17.987988 18.100030 16.424521 15.886071 15.799559
16.424521 15.886071 15.799559 15.373900 14.563183
15.799559 15.373900 14.563183 14.451159 15.464420
14.563183 14.451159 15.464420 16.045694 15.662642
15.464420 16.045694 15.662642 15.148052 14.976408
15.662642 15.148052 14.976408 15.852639 15.567513
14.976408 15.852639 15.567513 15.086834 15.150387
15.567513 15.086834 15.150387 15.387072 14.814456
15.150387 15.387072 14.814456 15.326873 15.079044
14.814456 15.326873 15.079044 17.179324 16.161924
15.079044 17.179324 16.161924 16.680556 17.193297
16.161924 16.680556 17.193297 18.323804 16.891312
17.193297 18.323804 16.891312 17.348780 16.275569
16.891312 17.348780 16.275569 16.189273 17.646874
16.275569 16.189273 17.646874 16.025722 16.335871
17.646874 16.025722 16.335871 18.298919 17.330161
16.335871 18.298919 17.330161 17.519605 17.544691
17.330161 17.519605 17.544691 17.669739 18.694389
17.544691 17.669739 18.694389 19.732961 18.054174
18.694389 19.732961 18.054174 20.309521 20.534928
18.054174 20.309521 20.534928 20.384707 19.465330
20.534928 20.384707 19.465330 24.683930 21.690285
19.465330 24.683930 21.690285 24.301709 22.339416
21.690285 24.301709 22.339416 24.669249 20.626864
22.339416 24.669249 20.626864 20.351281 18.981203
20.626864 20.351281 18.981203 18.208280 19.638804
18.981203 18.208280 19.638804 21.404172 20.555829
19.638804 21.404172 20.555829 15.983908 14.118376
20.555829 15.983908 14.118376 16.254502 16.972661
14.118376 16.254502 16.972661 14.976836 17.686596
16.972661 14.976836 17.686596 14.363310 16.318102
17.686596 14.363310 16.318102 18.982195 18.156227
16.318102 18.982195 18.156227 17.862816 17.615601
18.156227 17.862816 17.615601 17.134709 20.264531
17.615601 17.134709 20.264531 16.609440 14.927514
20.264531 16.609440 14.927514 15.561369 17.283917
14.927514 15.561369 17.283917 14.207896 18.496557
17.283917 14.207896 18.496557 16.665371 17.353671
18.496557 16.665371 17.353671 16.386764 16.464588
17.353671 16.386764 16.464588 17.037901 19.874854
16.464588 17.037901 19.874854 17.675442 17.806129
19.874854 17.675442 17.806129 15.216856 16.503705
17.806129 15.216856 16.503705 14.377784 16.072154
16.503705 14.377784 16.072154 19.693776 21.169737
16.072154 19.693776 21.169737 19.238175 19.219853
21.169737 19.238175 19.219853 17.759974 15.500278
19.219853 17.759974 15.500278 15.548419 16.118245
15.500278 15.548419 16.118245 15.527363 17.970095
16.118245 15.527363 17.970095 15.475545 14.313578
17.970095 15.475545 14.313578 18.260892 19.279094
14.313578 18.260892 19.279094 17.871648 17.213202
19.279094 17.871648 17.213202 13.259092 11.871886
17.213202 13.259092 11.871886 17.471479 14.693538
11.871886 17.471479 14.693538 14.647073 16.472775
14.693538 14.647073 16.472775 15.621460 16.019167
16.472775 15.621460 16.019167 16.423244 15.167957
16.019167 16.423244 15.167957 13.237650 13.498570
15.167957 13.237650 13.498570 12.157951 13.472871
13.498570 12.157951 13.472871 13.222178 14.469873
13.472871 13.222178 14.469873 11.363335 12.610140
14.469873 11.363335 12.610140 12.355633 14.188665
12.610140 12.355633 14.188665 13.740049 14.682950
14.188665 13.740049 14.682950 14.026020 14.712100
14.682950 14.026020 14.712100 16.003885 16.840551
14.712100 16.003885 16.840551 15.300622 16.137524
16.840551 15.300622 16.137524 14.800751 15.260425
16.137524 14.800751 15.260425 14.547459 16.592444
15.260425 14.547459 16.592444 16.725571 18.667247
16.592444 16.725571 18.667247 17.565845 13.290248
18.667247 17.565845 13.290248 12.749049 13.345500
13.290248 12.749049 13.345500 14.572485 12.482303
13.345500 14.572485 12.482303 13.288890 10.489715
12.482303 13.288890 10.489715 14.321337 15.187749
10.489715 14.321337 15.187749 14.214434 12.739462
15.187749 14.214434 12.739462 17.028906 17.838532
12.739462 17.028906 17.838532 19.144006 15.077193
17.838532 19.144006 15.077193 17.080360 16.620640
15.077193 17.080360 16.620640 18.970296 18.314744
16.620640 18.970296 18.314744 13.909534 19.765676
18.314744 13.909534 19.765676 19.197063 16.278308
19.765676 19.197063 16.278308 16.390396 18.438611
16.278308 16.390396 18.438611 20.613525 19.471010
18.438611 20.613525 19.471010 17.901479 23.132517
19.471010 17.901479 23.132517 23.694168 18.861015
23.132517 23.694168 18.861015 19.490505 19.404372
18.861015 19.490505 19.404372 19.719577 21.124343
19.404372 19.719577 21.124343 20.898573 17.776382
21.124343 20.898573 17.776382 20.098918 24.091566
17.776382 20.098918 24.091566 23.356280 20.912835
24.091566 23.356280 20.912835 21.448000 25.371140
20.912835 21.448000 25.371140 26.626464 31.495287
25.371140 26.626464 31.495287 27.648271 30.846762
31.495287 27.648271 30.846762 28.834907 35.102626
30.846762 28.834907 35.102626 31.640610 34.360485
35.102626 31.640610 34.360485 35.522681 35.808490
34.360485 35.522681 35.808490 36.904995 31.780369
35.808490 36.904995 31.780369 31.755836 29.312852
31.780369 31.755836 29.312852 28.564928 30.335973
29.312852 28.564928 30.335973 30.707222 28.958570
30.335973 30.707222 28.958570 29.632680 27.162948
28.958570 29.632680 27.162948 27.248142 25.993664
27.162948 27.248142 25.993664 26.977382 24.739297
25.993664 26.977382 24.739297 23.131671 22.540357
24.739297 23.131671 22.540357 23.637729 25.128602
22.540357 23.637729 25.128602 24.629882 26.826007
25.128602 24.629882 26.826007 19.071154 21.166577
26.826007 19.071154 21.166577 19.520794 22.567957
21.166577 19.520794 22.567957 19.805113 23.120075
22.567957 19.805113 23.120075 26.571511 24.575508
23.120075 26.571511 24.575508 24.771057 22.639293
24.575508 24.771057 22.639293 23.312977 22.001825
22.639293 23.312977 22.001825 21.198617 18.671275
22.001825 21.198617 18.671275 20.378916 23.607792
18.671275 20.378916 23.607792 23.127871 21.486837
23.607792 23.127871 21.486837 20.925141 22.193778
21.486837 20.925141 22.193778 24.206214 22.146664
22.193778 24.206214 22.146664 22.703227 22.203417
22.146664 22.703227 22.203417 21.401512 21.984601
22.203417 21.401512 21.984601 20.989467 23.666756
21.984601 20.989467 23.666756 23.067675 21.232878
23.666756 23.067675 21.232878 21.724229 21.439139
21.232878 21.724229 21.439139 21.268644 20.547018
21.439139 21.268644 20.547018 20.492789 19.040035
20.547018 20.492789 19.040035 20.159515 22.487546
19.040035 20.159515 22.487546 24.332225 24.811574
22.487546 24.332225 24.811574 25.691616 25.318391
24.811574 25.691616 25.318391 24.816956 23.659983
25.318391 24.816956 23.659983 22.691070 23.871706
23.659983 22.691070 23.871706 22.528353 21.996316
23.871706 22.528353 21.996316 21.421679 21.840218
21.996316 21.421679 21.840218 22.059074 21.200284
21.840218 22.059074 21.200284 21.790012 21.333680
21.200284 21.790012 21.333680 21.120947 21.987861
21.333680 21.120947 21.987861 20.969417 20.845346
21.987861 20.969417 20.845346 20.906212 21.020248
20.845346 20.906212 21.020248 20.999306 22.186724
21.020248 20.999306 22.186724 21.078325 20.750655
22.186724 21.078325 20.750655 20.883006 21.619411
20.750655 20.883006 21.619411 22.344565 23.046858
21.619411 22.344565 23.046858 23.155981 23.309685
23.046858 23.155981 23.309685 22.580550 21.756617
23.309685 22.580550 21.756617 20.731434 20.878139
21.756617 20.731434 20.878139 21.624038 21.061638
20.878139 21.624038 21.061638 20.235948 18.756558
21.061638 20.235948 18.756558 18.506576 19.097844
18.756558 18.506576 19.097844 18.947644 18.576721
19.097844 18.947644 18.576721 17.893815 17.489539
18.576721 17.893815 17.489539 18.647351 18.097644
17.489539 18.647351 18.097644 18.907633 19.404742
18.097644 18.907633 19.404742 18.007708 17.546633
19.404742 18.007708 17.546633 16.992969 16.730540
17.546633 16.992969 16.730540 16.813085 16.557193
16.730540 16.813085 16.557193 16.191261 16.027113
16.557193 16.191261 16.027113 15.346076 15.898219
16.027113 15.346076 15.898219 16.385894 16.924760
15.898219 16.385894 16.924760 16.904591 17.202142
16.924760 16.904591 17.202142 17.985564 16.904136
17.202142 17.985564 16.904136 16.185938 18.460053
16.904136 16.185938 18.460053 16.759247 17.994675
18.460053 16.759247 17.994675 18.614592 18.015247
17.994675 18.614592 18.015247 18.290349 19.225040
18.015247 18.290349 19.225040 18.804944 18.034258
19.225040 18.804944 18.034258 19.859420 19.176971
18.034258 19.859420 19.176971 25.566275 22.349427
19.176971 25.566275 22.349427 22.174134 21.885531
22.349427 22.174134 21.885531 21.772988 25.554666
21.885531 21.772988 25.554666 23.282421 23.308376
25.554666 23.282421 23.308376 23.378929 23.275508
23.308376 23.378929 23.275508 21.905205 19.638973
23.275508 21.905205 19.638973 19.509115 20.074406
19.638973 19.509115 20.074406 18.350958 19.319568
20.074406 18.350958 19.319568 19.224928 20.196351
19.319568 19.224928 20.196351 16.004652 17.983319
20.196351 16.004652 17.983319 19.421878 16.197549
17.983319 19.421878 16.197549 21.106440 17.621331
16.197549 21.106440 17.621331 19.934093 15.888918
17.621331 19.934093 15.888918 14.240153 16.086907
15.888918 14.240153 16.086907 15.086751 17.976496
16.086907 15.086751 17.976496 18.008217 16.825453
17.976496 18.008217 16.825453 20.687503 20.331911
16.825453 20.687503 20.331911 20.427525 16.017486
20.331911 20.427525 16.017486 22.967097 19.874039
16.017486 22.967097 19.874039 21.760051 20.862426
19.874039 21.760051 20.862426 20.809033 19.530681
20.862426 20.809033 19.530681 20.669764 16.612727
19.530681 20.669764 16.612727 17.539089 17.152252
16.612727 17.539089 17.152252 18.567533 15.439262
17.152252 18.567533 15.439262 19.420166 17.326090
15.439262 19.420166 17.326090 16.817689 18.444433
17.326090 16.817689 18.444433 19.198608 20.300037
18.444433 19.198608 20.300037 19.600251 20.221409
20.300037 19.600251 20.221409 17.696058 16.518264
20.221409 17.696058 16.518264 13.775058 19.824058
16.518264 13.775058 19.824058 18.279378 17.947451
19.824058 18.279378 17.947451 17.692854 19.473500
17.947451 17.692854 19.473500 15.544532 17.233054
19.473500 15.544532 17.233054 19.345696 18.779947
17.233054 19.345696 18.779947 14.411535 14.219036
18.779947 14.411535 14.219036 13.717920 13.524191
14.219036 13.717920 13.524191 12.703501 17.011288
13.524191 12.703501 17.011288 12.475531 14.983836
17.011288 12.475531 14.983836 18.790439 18.760011
14.983836 18.790439 18.760011 15.132622 13.082529
18.760011 15.132622 13.082529 13.715479 15.629197
13.082529 13.715479 15.629197 15.220500 14.505433
15.629197 15.220500 14.505433 13.031986 16.539035
14.505433 13.031986 16.539035 14.485956 17.751866
16.539035 14.485956 17.751866 16.330955 15.633289
17.751866 16.330955 15.633289 14.640616 18.713951
15.633289 14.640616 18.713951 16.083630 17.412554
18.713951 16.083630 17.412554 16.966139 16.294680
17.412554 16.966139 16.294680 16.077692 14.990939
16.294680 16.077692 14.990939 16.819295 14.958846
14.990939 16.819295 14.958846 17.383710 16.607977
14.958846 17.383710 16.607977 14.698171 15.051168
16.607977 14.698171 15.051168 16.520398 16.955958
15.051168 16.520398 16.955958 14.682686 15.323376
16.955958 14.682686 15.323376 15.875397 14.191273
15.323376 15.875397 14.191273 19.022676 15.380325
14.191273 19.022676 15.380325 16.353878 17.550311
15.380325 16.353878 17.550311 15.946004 16.787289
17.550311 15.946004 16.787289 14.972812 17.515058
16.787289 14.972812 17.515058 14.633713 16.285357
17.515058 14.633713 16.285357 15.713178 14.777257
16.285357 15.713178 14.777257 15.899700 17.629268
14.777257 15.899700 17.629268 16.471435 19.372785
17.629268 16.471435 19.372785 21.379856 21.160862
19.372785 21.379856 21.160862 21.713120 22.380073
21.160862 21.713120 22.380073 21.595128 18.694528
22.380073 21.595128 18.694528 17.082688 18.429504
18.694528 17.082688 18.429504 23.250425 22.289726
18.429504 23.250425 22.289726 19.007357 21.499294
22.289726 19.007357 21.499294 21.935910 20.486354
21.499294 21.935910 20.486354 19.412618 24.108928
20.486354 19.412618 24.108928 23.006548 28.842780
24.108928 23.006548 28.842780 28.249678 32.280014
28.842780 28.249678 32.280014 32.370584 28.740958
32.280014 32.370584 28.740958 34.989067 34.594933
28.740958 34.989067 34.594933 34.172522 29.361367
34.594933 34.172522 29.361367 31.027928 29.812410
29.361367 31.027928 29.812410 28.382695 28.285149
29.812410 28.382695 28.285149 28.372350 27.789170
28.285149 28.372350 27.789170 28.631835 31.056493
27.789170 28.631835 31.056493 33.811617 26.936592
31.056493 33.811617 26.936592 26.422507 27.845579
26.936592 26.422507 27.845579 25.761663 27.320705
27.845579 25.761663 27.320705 29.002255 25.935601
27.320705 29.002255 25.935601 27.283959 27.186324
25.935601 27.283959 27.186324 28.947436 27.885253
27.186324 28.947436 27.885253 26.071203 28.211198
27.885253 26.071203 28.211198 27.356001 25.802894
28.211198 27.356001 25.802894 29.423108 31.230248
25.802894 29.423108 31.230248 29.333161 29.403143
31.230248 29.333161 29.403143 30.481892 30.888091
29.403143 30.481892 30.888091 28.328542 29.505654
30.888091 28.328542 29.505654 30.482929 32.420880
29.505654 30.482929 32.420880 33.282051 33.178002
32.420880 33.282051 33.178002 30.771040 33.594166
33.178002 30.771040 33.594166 32.801095 32.775288
33.594166 32.801095 32.775288 32.311434 29.089025
32.775288 32.311434 29.089025 32.008162 28.911489
29.089025 32.008162 28.911489 29.223372 28.324671
28.911489 29.223372 28.324671 27.304371 27.428085
28.324671 27.304371 27.428085 29.044919 28.196453
27.428085 29.044919 28.196453 28.110906 29.392323
28.196453 28.110906 29.392323 29.682092 29.602217
29.392323 29.682092 29.602217 30.368756 28.213936
29.602217 30.368756 28.213936 27.069355 27.707598
28.213936 27.069355 27.707598 25.728222 26.816880
27.707598 25.728222 26.816880 27.269745 27.052388
26.816880 27.269745 27.052388 26.520656 26.779171
27.052388 26.520656 26.779171 26.144260 25.684995
26.779171 26.144260 25.684995 26.182236 27.491403
25.684995 26.182236 27.491403 26.422826 24.372137
27.491403 26.422826 24.372137 24.890961 25.463622
24.372137 24.890961 25.463622 25.347616 23.740724
25.463622 25.347616 23.740724 23.202486 22.598187
23.740724 23.202486 22.598187 22.180515 22.641148
22.598187 22.180515 22.641148 22.567431 23.322343
22.641148 22.567431 23.322343 22.023272 21.573861
23.322343 22.023272 21.573861 20.603799 20.404537
21.573861 20.603799 20.404537 20.851851 20.502179
20.404537 20.851851 20.502179 20.728949 19.730189
20.502179 20.728949 19.730189 20.104744 21.575513
19.730189 20.104744 21.575513 21.117574 20.596903
21.575513 21.117574 20.596903 19.178377 19.574028
20.596903 19.178377 19.574028 18.907900 18.991370
19.574028 18.907900 18.991370 18.559022 17.544180
18.991370 18.559022 17.544180 18.151075 17.629343
17.544180 18.151075 17.629343 17.255035 17.679012
17.629343 17.255035 17.679012 17.691810 17.375190
17.679012 17.691810 17.375190 16.168533 15.271025
17.375190 16.168533 15.271025 14.936483 15.205879
15.271025 14.936483 15.205879 15.803029 16.750748
15.205879 15.803029 16.750748 16.519767 16.813100
16.750748 16.519767 16.813100 16.234095 16.650732
16.813100 16.234095 16.650732 15.221034 15.995413
16.650732 15.221034 15.995413 15.928485 15.652422
15.995413 15.928485 15.652422 16.872315 17.229589
15.652422 16.872315 17.229589 17.004367 17.945369
17.229589 17.004367 17.945369 19.380058 17.946547
17.945369 19.380058 17.946547 18.146788 19.468255
17.946547 18.146788 19.468255 17.101943 19.575543
19.468255 17.101943 19.575543 17.149754 17.937558
19.575543 17.149754 17.937558 17.946277 17.992080
17.937558 17.946277 17.992080 18.694528 17.188661
17.992080 18.694528 17.188661 19.009563 20.024538
17.188661 19.009563 20.024538 19.871456 19.092597
20.024538 19.871456 19.092597 21.339441 19.142010
19.092597 21.339441 19.142010 23.368778 25.365257
19.142010 23.368778 25.365257 23.582991 23.591586
25.365257 23.582991 23.591586 21.388113 19.598451
23.591586 21.388113 19.598451 21.996442 17.207677
19.598451 21.996442 17.207677 19.409836 16.643181
17.207677 19.409836 16.643181 14.913074 19.565380
16.643181 14.913074 19.565380 16.372196 19.794630
19.565380 16.372196 19.794630 21.237842 16.319006
19.794630 21.237842 16.319006 15.973091 16.781250
16.319006 15.973091 16.781250 16.742476 17.650342
16.781250 16.742476 17.650342 11.674759 14.368509
17.650342 11.674759 14.368509 13.135965 16.283126
14.368509 13.135965 16.283126 13.143104 20.068215
16.283126 13.143104 20.068215 18.778708 17.965402
20.068215 18.778708 17.965402 14.790842 17.785004
17.965402 14.790842 17.785004 17.484588 20.409791
17.785004 17.484588 20.409791 15.181919 15.192951
20.409791 15.181919 15.192951 17.752245 17.442847
15.192951 17.752245 17.442847 18.780449 17.906393
17.442847 18.780449 17.906393 16.315876 18.048535
17.906393 16.315876 18.048535 18.713168 20.335216
18.048535 18.713168 20.335216 18.385063 16.825973
20.335216 18.385063 16.825973 20.630737 16.163677
16.825973 20.630737 16.163677 16.856025 17.103137
16.163677 16.856025 17.103137 18.257893 16.412987
17.103137 18.257893 16.412987 20.002991 17.417583
16.412987 20.002991 17.417583 17.203634 16.765686
17.417583 17.203634 16.765686 16.810694 16.995205
16.765686 16.810694 16.995205 17.340096 16.929905
16.995205 17.340096 16.929905 22.107927 19.833793
16.929905 22.107927 19.833793 17.888746 17.018539
19.833793 17.888746 17.018539 21.362127 18.544478
17.018539 21.362127 18.544478 18.632550 19.303424
18.544478 18.632550 19.303424 20.996213 17.433943
19.303424 20.996213 17.433943 15.798035 18.600099
17.433943 15.798035 18.600099 16.193922 19.144954
18.600099 16.193922 19.144954 17.602189 16.186852
19.144954 17.602189 16.186852 19.592299 15.502549
16.186852 19.592299 15.502549 16.806052 16.170431
15.502549 16.806052 16.170431 19.920647 21.432135
16.170431 19.920647 21.432135 17.373325 14.650715
21.432135 17.373325 14.650715 17.077687 16.861121
14.650715 17.077687 16.861121 18.317980 17.986500
16.861121 18.317980 17.986500 14.346197 15.204012
17.986500 14.346197 15.204012 17.860823 17.576013
15.204012 17.860823 17.576013 20.329941 17.385491
17.576013 20.329941 17.385491 19.978227 15.422417
17.385491 19.978227 15.422417 16.435954 15.037572
15.422417 16.435954 15.037572 15.572034 17.578882
15.037572 15.572034 17.578882 16.422038 17.954970
17.578882 16.422038 17.954970 19.718598 18.960156
17.954970 19.718598 18.960156 21.171578 20.340234
18.960156 21.171578 20.340234 15.329656 18.102999
20.340234 15.329656 18.102999 19.783766 18.229497
18.102999 19.783766 18.229497 20.661653 18.051259
18.229497 20.661653 18.051259 16.847317 15.676512
18.051259 16.847317 15.676512 16.099824 13.910155
15.676512 16.099824 13.910155 16.300280 18.648993
